   RAOB     19     19    MAY   2020
      1  99999  10618 49.70N  7.33E    377     -1
      2  99999  99999  99999  99999  99999  99999
      3          AAAA                99999     kt
      9  10000    163  99999  99999  99999  99999   1928    733   4970
      4   9760    377    226     56     40      6   1928    733   4970
      4   9440  99999  99999  99999    355     12   1929    732   4969
      4   9250    836    176     36      0     12   1930    732   4969
      4   9160  99999  99999  99999    355     12   1930    732   4969
      4   8680  99999  99999  99999    335     10   1932    733   4969
      4   8500   1551    110     10    330      8   1932    733   4968
      4   8210  99999  99999  99999    310     14   1933    733   4968
      4   8190  99999     82      2  99999  99999   1933    733   4968
      4   8000  99999  99999  99999    320     12   1934    733   4968
      4   7830  99999  99999  99999    340     16   1935    733   4968
      4   7320  99999  99999  99999    355     17   1937    734   4967
      4   7220  99999  99999  99999    345     19   1937    734   4967
      4   7150  99999      8    -11  99999  99999   1937    734   4967
      4   7000   3135      0    -25    350     19   1938    734   4966
      4   6730  99999  99999  99999    355     17   1939    734   4966
      4   6530  99999  99999  99999    340     16   1940    734   4966
      4   6000  99999  99999  99999    355     16   1842    734   4965
      4   5910  99999  99999  99999      5     12   1842    734   4964
      4   5080  99999  99999  99999    340     23   1846    735   4963
      4   5040  99999   -159   -239  99999  99999   1846    735   4963
      4   5000   5750   -163   -233    340     25   1846    735   4962
      4   4350  99999   -241   -361  99999  99999   1850    736   4960
      4   4120  99999   -275   -365  99999  99999   1851    736   4959
      4   4070  99999  99999  99999    355     33   1851    736   4958
      4   4000   7390   -291   -401    350     33   1852    737   4958
      4   3940  99999   -301   -411  99999  99999   1852    737   4958
      4   3860  99999   -309   -439  99999  99999   1853    737   4957
      4   3830  99999   -307   -557  99999  99999   1853    737   4957
      4   3740  99999  99999  99999    350     21   1853    737   4957
      4   3680  99999   -321   -531  99999  99999   1854    737   4957
      4   3180  99999  99999  99999    355     33   1857    737   4954
      4   3170  99999   -407   -527  99999  99999   1857    737   4954
      4   3110  99999   -417   -487  99999  99999   1858    737   4954
      4   3000   9380   -431   -521    345     27   1859    738   4953
      4   2950  99999  99999  99999    340     27   1859    738   4953
      4   2660  99999   -495   -565  99999  99999   1861    739   4951
      4   2620  99999  99999  99999    345     29   1862    739   4951
      4   2560  99999   -511   -621  99999  99999   1862    739   4950
      4   2500  10590   -521   -611    340     27   1863    739   4950
      4   2000  12000   -617   -667    325     17   1867    741   4947
      4   1910  99999  99999  99999    325     16   1868    741   4947
      4   1880  99999   -649   -684    330     16   1869    742   4947
      4   1800  99999   -607   -767  99999  99999   1869    742   4947
      4   1770  99999  99999  99999    325     27   1870    742   4946
      4   1720  99999  99999  99999    325     19   1870    742   4946
      4   1700  99999   -583   -813  99999  99999   1871    743   4946
      4   1660  99999  99999  99999    295     10   1871    743   4946
      4   1550  99999  99999  99999    320     12   1873    743   4946
      4   1520  99999  99999  99999    280     14   1873    744   4945
      4   1500  13790   -569   -849    275     19   1873    744   4945
      4   1470  99999  99999  99999    290     23   1874    744   4945
      4   1410  99999  99999  99999    280     23   1875    745   4945
      4   1350  99999  99999  99999    310     23   1875    746   4945
      4   1310  99999  99999  99999    280     16   1876    746   4945
      4   1290  99999  99999  99999    265     19   1876    746   4945
      4   1230  99999  99999  99999    285     33   1877    748   4945
      4   1190  99999  99999  99999    300     27   1878    748   4945
      4   1160  99999   -537   -867  99999  99999   1879    749   4944
      4   1100  99999  99999  99999    295     17   1880    750   4944
      4   1080  99999  99999  99999    280     14   1880    750   4944
      4   1060  99999  99999  99999    265     17   1881    750   4944
      4   1000  16380   -565   -875    270     25   1882    751   4944
      4    947  99999  99999  99999    280     29   1883    753   4944
      4    922  99999  99999  99999    295     23   1884    753   4944
      4    895  99999  99999  99999    280     16   1884    754   4944
      4    862  99999  99999  99999    295     17   1885    754   4944
      4    833  99999  99999  99999    265     21   1886    755   4944
      4    814  99999  99999  99999    270     23   1886    755   4944
      4    785  99999  99999  99999    310     17   1887    756   4943
      4    752  99999  99999  99999    295     12   1888    756   4943
      4    744  99999  99999  99999    285     12   1888    757   4943
      4    728  99999  99999  99999    260     14   1889    757   4943
      4    712  99999   -597   -887  99999  99999   1889    757   4943
      4    700  18630   -593   -893    270     19   1889    757   4943
      4    685  99999  99999  99999    280     25   1890    758   4943
      4    615  99999  99999  99999    330     14   1892    759   4943
      4    602  99999  99999  99999    320     10   1893    759   4943
      4    582  99999  99999  99999    270     12   1893    760   4943
      4    517  99999  99999  99999    295     10   1896    761   4942
      4    500  20750   -569   -889    315     12   1896    761   4942
      4    491  99999  99999  99999    325     10   1897    761   4942
      4    473  99999  99999  99999    305     14   1898    761   4942
      4    462  99999  99999  99999    320     10   1898    762   4942
      4    443  99999   -543   -873  99999  99999   1899    762   4942
      4    437  99999  99999  99999      0      0   1899    762   4942
      4    417  99999  99999  99999    280     10   1900    762   4942
      4    404  99999  99999  99999    345     14   1801    762   4942
      4    401  99999  99999  99999    350     14   1801    762   4942
      4    382  99999  99999  99999     55     12   1802    762   4941
      4    366  99999  99999  99999     20      4   1803    762   4941
      4    337  99999  99999  99999      0     10   1805    762   4941
      4    326  99999  99999  99999     25     14   1806    762   4941
      4    308  99999  99999  99999     40     12   1807    761   4940
      4    300  24020   -523   -873     60     16   1807    761   4940
      4    293  99999  99999  99999     85     12   1808    761   4940
      4    287  99999  99999  99999     85     14   1808    761   4940
      4    280  99999  99999  99999    105     12   1809    760   4940
      4    267  99999  99999  99999     70     10   1810    760   4940
      4    263  99999  99999  99999     85     12   1810    760   4940
      4    251  99999  99999  99999     85     10   1811    759   4940
      4    244  99999  99999  99999    120     12   1812    759   4940
      4    242  99999  99999  99999    115     12   1812    759   4940
      4    233  99999  99999  99999     60     10   1813    759   4940
      4    208  99999  99999  99999     80     17   1815    757   4940
      4    200  26650   -511   -871     70     17   1816    757   4940
      4    192  99999  99999  99999     65     23   1817    756   4939
      4    187  99999   -509   -869  99999  99999   1818    755   4939
      4    185  99999   -511   -871  99999  99999   1818    755   4939
      4    180  99999  99999  99999     95     16   1818    755   4939
      4    174  99999  99999  99999     65     16   1819    754   4939
      4    169  99999  99999  99999     65     16   1820    754   4939
      4    166  99999  99999  99999     50     14   1820    754   4939
      4    164  99999  99999  99999     40     14   1820    754   4939
      4    158  99999  99999  99999     65     25   1821    753   4939
      4    150  99999  99999  99999     80     29   1822    752   4939
      4    135  99999   -421   -831  99999  99999   1825    749   4938
      4    128  99999  99999  99999    100     27   1826    748   4938
      4    123  99999   -437   -837  99999  99999   1827    747   4939
      4    110  99999  99999  99999     70     31   1829    744   4938
      4    106  99999  99999  99999     80     37   1830    742   4938
      4    100  31270   -411   -821     95     33   1831    740   4938
      4     97  99999   -401   -811     90     33   1832    740   4938
   RAOB     19     19    MAY   2020
      1  99999  10393 52.22N 14.12E    110     -1
      2  99999  99999  99999  99999  99999  99999
      3          AAAA                99999     kt
      9  10060    110    180     70    320      8   1925   1412   5222
      4  10000    158    174     64    320     10   1926   1412   5221
      4   9660  99999  99999  99999    335     16   1927   1412   5221
      4   9250    818    108     58    325     14   1928   1412   5221
      4   8930  99999  99999  99999    315     17   1929   1413   5220
      4   8730  99999     64     43  99999  99999   1929   1413   5220
      4   8500   1515     48     31    310     21   1930   1414   5220
      4   8260  99999  99999  99999    305     21   1931   1414   5220
      4   8000  99999  99999  99999    310     21   1932   1415   5219
      4   7180  99999    -47    -47  99999  99999   1935   1417   5218
      4   7090  99999    -17    -77  99999  99999   1935   1418   5218
      4   7050  99999    -19    -99  99999  99999   1935   1418   5218
      4   7000   3071    -17   -247    315     37   1935   1418   5217
      4   6990  99999    -17   -287  99999  99999   1935   1418   5217
      4   6920  99999    -19   -319  99999  99999   1936   1419   5217
      4   6850  99999  99999  99999    315     39   1936   1419   5217
      4   6790  99999    -29   -109  99999  99999   1936   1419   5217
      4   6090  99999    -75   -185  99999  99999   1939   1423   5215
      4   6000  99999  99999  99999    300     39   1939   1424   5215
      4   5990  99999    -81   -151  99999  99999   1939   1424   5215
      4   5930  99999  99999  99999    300     39   1940   1424   5215
      4   5850  99999    -85   -295  99999  99999   1940   1425   5214
      4   5820  99999    -85   -235  99999  99999   1940   1425   5214
      4   5810  99999    -87   -207  99999  99999   1940   1425   5214
      4   5570  99999   -113   -183  99999  99999   1841   1427   5214
      4   5000   5680   -173   -243    295     45   1844   1431   5212
      4   4950  99999   -177   -257  99999  99999   1844   1432   5212
      4   4000   7310   -305   -385    285     49   1849   1442   5210
      4   3980  99999   -309   -379  99999  99999   1850   1442   5210
      4   3750  99999  99999  99999    290     51   1851   1445   5209
      4   3390  99999  99999  99999    290     47   1853   1450   5208
      4   3380  99999   -405   -545  99999  99999   1853   1450   5208
      4   3200  99999   -417   -597  99999  99999   1855   1453   5207
      4   3110  99999  99999  99999    295     66   1855   1455   5207
      4   3000   9280   -453   -623    295     62   1856   1457   5206
      4   2730  99999   -499   -629  99999  99999   1858   1462   5205
      4   2500  10480   -521   -651    280     66   1860   1468   5204
      4   2300  99999   -557   -667  99999  99999   1862   1473   5204
      4   2290  99999  99999  99999    275     68   1862   1473   5204
      4   2040  99999   -581   -721    285     58   1864   1480   5203
      4   2000  11900   -581   -721    285     58   1865   1481   5203
      4   1870  99999  99999  99999    290     56   1866   1485   5202
      4   1830  99999   -591   -741  99999  99999   1867   1486   5202
      4   1760  99999   -565   -775  99999  99999   1867   1488   5202
      4   1750  99999  99999  99999    270     47   1868   1488   5202
      4   1630  99999  99999  99999    290     45   1869   1491   5202
      4   1600  99999   -587   -797  99999  99999   1869   1492   5201
      4   1570  99999  99999  99999    275     45   1870   1492   5201
      4   1500  13710   -557   -837    285     41   1871   1494   5201
      4   1300  99999   -529   -839  99999  99999   1874   1499   5200
      4   1260  99999  99999  99999    295     31   1875   1500   5200
      4   1200  99999  99999  99999    295     41   1876   1502   5200
      4   1120  99999  99999  99999    310     23   1877   1503   5199
      4   1090  99999  99999  99999    290     27   1878   1504   5199
      4   1000  16310   -545   -845    290     33   1879   1506   5198
      4    946  99999  99999  99999    290     25   1881   1508   5198
      4    891  99999  99999  99999    280     35   1882   1509   5198
      4    877  99999   -573   -863    285     37   1882   1510   5197
      4    868  99999  99999  99999    295     39   1883   1510   5197
      4    838  99999  99999  99999    315     33   1883   1511   5197
      4    748  99999  99999  99999    285     25   1886   1514   5196
      4    700  18580   -569   -859    310     29   1887   1515   5195
      4    680  99999   -575   -865  99999  99999   1888   1516   5195
      4    659  99999  99999  99999    325     25   1888   1516   5195
      4    629  99999  99999  99999    320     16   1889   1517   5194
      4    612  99999  99999  99999    295     16   1890   1517   5194
      4    551  99999  99999  99999    310      6   1892   1518   5194
      4    532  99999  99999  99999    310     16   1893   1518   5194
      4    526  99999  99999  99999    315     17   1893   1519   5194
      4    515  99999  99999  99999    335     16   1894   1519   5193
      4    500  20730   -527   -847    340      6   1894   1519   5193
      4    492  99999  99999  99999    315      2   1895   1519   5193
      4    479  99999  99999  99999    330     10   1895   1519   5193
      4    471  99999  99999  99999    345     14   1896   1519   5193
      4    452  99999   -517   -847  99999  99999   1896   1519   5193
      4    410  99999  99999  99999     65      2   1899   1519   5193
      4    399  99999  99999  99999      0     10   1899   1519   5192
      4    379  99999  99999  99999     45     17   1900   1519   5192
      4    373  99999   -543   -853     65     16   1801   1519   5192
      4    367  99999  99999  99999     70     10   1801   1518   5192
      4    354  99999  99999  99999     20      4   1802   1518   5192
      4    332  99999  99999  99999     35     10   1803   1518   5192
      4    319  99999  99999  99999     65     12   1804   1518   5192
      4    302  99999  99999  99999     65     14   1805   1517   5191
      4    300  24020   -515   -845     60     14   1805   1517   5191
      4    287  99999  99999  99999     25     12   1806   1517   5191
      4    259  99999   -507   -837  99999  99999   1808   1515   5191
      4    258  99999  99999  99999     95     21   1808   1515   5191
      4    253  99999   -513   -843  99999  99999   1809   1515   5191
      4    246  99999  99999  99999     75     16   1810   1514   5191
      4    225  99999  99999  99999     80     19   1811   1513   5191
      4    204  99999  99999  99999    110     25   1814   1511   5191
      4    200  26680   -469   -829     95     19   1814   1510   5191
      4    193  99999  99999  99999     70     23   1815   1510   5191
      4    174  99999  99999  99999     90     33   1817   1507   5190
      4    133  99999  99999  99999     75     41   1823   1497   5190
      4    110  99999  99999  99999     75     31   1827   1490   5188
      4    102  99999  99999  99999    105     27   1829   1488   5188
      4    100  31320   -389   -799     95     25   1830   1488   5188
      4     98  99999  99999  99999     75     33   1830   1487   5188
      4     90  99999   -381   -791     90     33   1832   1484   5188
   RAOB     19     19    MAY   2020
      1  99999  10238 52.82N  9.93E     77     -1
      2  99999  99999  99999  99999  99999  99999
      3          AAAA                99999     kt
      9  10120     77    180     90    300      4   1925    993   5282
      4  10000    175    162     82    305     12   1926    993   5281
      4   9250    831    102     42    315     16   1928    994   5281
      4   8990  99999  99999  99999    315     16   1929    994   5281
      4   8950  99999     76     49  99999  99999   1929    994   5281
      4   8820  99999  99999  99999    315     16   1929    994   5281
      4   8500   1528     50     40    310     21   1930    995   5280
      4   8000  99999  99999  99999    300     25   1932    996   5280
      4   7920  99999     16     16  99999  99999   1932    997   5279
      4   7640  99999  99999  99999    295     27   1933    998   5279
      4   7380  99999  99999  99999    310     35   1934    999   5279
      4   7030  99999  99999  99999    310     29   1935   1000   5278
      4   7000   3090    -25    -31    310     31   1936   1000   5278
      4   6560  99999  99999  99999    315     31   1937   1002   5277
      4   6410  99999  99999  99999    300     31   1938   1003   5277
      4   6340  99999    -65    -80  99999  99999   1938   1003   5276
      4   6290  99999    -59    -89  99999  99999   1938   1003   5276
      4   6000  99999  99999  99999    305     39   1940   1005   5276
      4   5360  99999   -137   -187  99999  99999   1842   1009   5274
      4   5250  99999   -151   -194  99999  99999   1843   1010   5274
      4   5140  99999   -157   -257  99999  99999   1844   1011   5273
      4   5010  99999   -169   -269  99999  99999   1844   1012   5273
      4   5000   5690   -171   -261    310     39   1844   1012   5273
      4   4780  99999   -199   -279  99999  99999   1845   1013   5272
      4   4000   7320   -305   -425    305     45   1850   1020   5269
      4   3930  99999   -315   -435  99999  99999   1850   1021   5269
      4   3590  99999   -353   -573  99999  99999   1852   1024   5267
      4   3000   9310   -463   -553    310     60   1856   1033   5263
      4   2970  99999  99999  99999    310     60   1856   1033   5263
      4   2910  99999   -481   -571  99999  99999   1857   1034   5262
      4   2780  99999   -503   -583  99999  99999   1858   1036   5261
      4   2580  99999   -539   -619  99999  99999   1860   1040   5259
      4   2550  99999  99999  99999    310     72   1860   1041   5259
      4   2540  99999   -527   -657  99999  99999   1860   1041   5259
      4   2500  10490   -535   -645    310     70   1860   1042   5258
      4   2320  99999  99999  99999    305     54   1862   1045   5257
      4   2170  99999   -589   -679    290     66   1863   1049   5256
      4   2130  99999  99999  99999    295     70   1864   1050   5255
      4   2000  11910   -581   -731    295     56   1865   1053   5254
      4   1870  99999  99999  99999    300     60   1866   1057   5253
      4   1770  99999   -593   -743  99999  99999   1868   1059   5253
      4   1750  99999  99999  99999    270     47   1868   1060   5253
      4   1620  99999   -541   -821  99999  99999   1869   1063   5252
      4   1570  99999  99999  99999    300     39   1870   1064   5252
      4   1500  13720   -563   -823    295     31   1871   1065   5252
      4   1490  99999   -567   -837    290     31   1871   1065   5252
      4   1450  99999  99999  99999    270     39   1872   1066   5251
      4   1400  99999  99999  99999    290     37   1872   1068   5251
      4   1370  99999  99999  99999    275     37   1873   1068   5251
      4   1320  99999  99999  99999    285     43   1874   1070   5251
      4   1280  99999  99999  99999    290     35   1874   1071   5251
      4   1230  99999   -535   -835  99999  99999   1875   1072   5251
      4   1220  99999  99999  99999    285     33   1875   1072   5251
      4   1140  99999  99999  99999    315     29   1877   1074   5250
      4   1110  99999  99999  99999    295     25   1877   1075   5250
      4   1090  99999  99999  99999    285     29   1878   1075   5250
      4   1040  99999  99999  99999    300     37   1879   1077   5249
      4   1000  16330   -531   -841    310     27   1880   1078   5249
      4    969  99999  99999  99999    320     21   1880   1078   5249
      4    955  99999  99999  99999    305     19   1881   1078   5248
      4    937  99999  99999  99999    285     21   1881   1079   5248
      4    879  99999  99999  99999    290     35   1882   1080   5248
      4    825  99999   -581   -861  99999  99999   1884   1082   5247
      4    810  99999  99999  99999    310     23   1884   1082   5247
      4    776  99999  99999  99999    295     21   1885   1083   5247
      4    746  99999  99999  99999    300     23   1886   1084   5247
      4    723  99999  99999  99999    320     17   1887   1084   5247
      4    712  99999  99999  99999    310     16   1887   1084   5246
      4    700  18590   -581   -861    295     17   1887   1085   5246
      4    693  99999  99999  99999    290     19   1887   1085   5246
      4    680  99999   -585   -865  99999  99999   1888   1085   5246
      4    670  99999  99999  99999    290     23   1888   1086   5246
      4    638  99999  99999  99999    315     23   1889   1086   5246
      4    615  99999  99999  99999    320     25   1890   1087   5245
      4    591  99999  99999  99999    310     17   1891   1088   5245
      4    572  99999  99999  99999    340     10   1891   1088   5245
      4    568  99999   -527   -847  99999  99999   1892   1088   5245
      4    551  99999  99999  99999      0      0   1892   1088   5245
      4    535  99999  99999  99999    260     10   1893   1088   5245
      4    525  99999   -553   -853  99999  99999   1893   1088   5245
      4    509  99999  99999  99999    330     10   1894   1088   5245
      4    500  20730   -545   -855    340      8   1894   1088   5245
      4    474  99999  99999  99999    320     12   1895   1089   5244
      4    468  99999  99999  99999    330     14   1896   1089   5244
      4    461  99999  99999  99999    350     10   1896   1089   5244
      4    447  99999  99999  99999      0      0   1897   1089   5244
      4    426  99999  99999  99999    325     10   1898   1089   5244
      4    412  99999  99999  99999      5     12   1898   1089   5244
      4    401  99999  99999  99999    320     10   1899   1089   5244
      4    395  99999  99999  99999    325     12   1899   1089   5244
      4    384  99999   -521   -841  99999  99999   1900   1089   5243
      4    377  99999  99999  99999     50     17   1900   1089   5243
      4    375  99999  99999  99999     60     17   1801   1089   5243
      4    363  99999  99999  99999     80     12   1801   1089   5243
      4    353  99999  99999  99999     50     10   1802   1088   5243
      4    345  99999  99999  99999     75     12   1802   1088   5243
      4    341  99999  99999  99999     75     10   1803   1088   5243
      4    324  99999  99999  99999     40      4   1804   1088   5243
      4    316  99999  99999  99999     10     10   1804   1088   5243
      4    303  99999  99999  99999     50     17   1805   1087   5243
      4    300  24030   -501   -831     65     17   1805   1087   5242
      4    298  99999  99999  99999     70     16   1805   1087   5242
      4    289  99999  99999  99999     85     12   1806   1087   5242
      4    285  99999  99999  99999     70     10   1806   1087   5242
      4    281  99999  99999  99999     50     12   1807   1086   5242
      4    270  99999  99999  99999     75     14   1808   1086   5242
      4    261  99999  99999  99999     55     14   1808   1086   5242
      4    246  99999  99999  99999    100     17   1810   1085   5242
      4    245  99999   -517   -837  99999  99999   1810   1085   5242
      4    237  99999  99999  99999     80     16   1810   1084   5242
      4    200  26680   -479   -819    100     21   1814   1081   5242
      4    197  99999  99999  99999    105     19   1815   1081   5242
      4    193  99999  99999  99999     85     14   1815   1080   5242
      4    191  99999  99999  99999     70     17   1815   1080   5242
      4    178  99999   -437   -807  99999  99999   1817   1079   5242
      4    176  99999  99999  99999     85     33   1817   1078   5242
      4    144  99999  99999  99999     90     27   1822   1072   5242
      4    139  99999  99999  99999     75     35   1822   1071   5242
      4    129  99999  99999  99999     85     41   1824   1068   5241
      4    124  99999   -431   -801  99999  99999   1825   1067   5241
      4    106  99999   -427   -807  99999  99999   1828   1061   5241
      4    100  31330   -409   -799     80     31   1830   1059   5241
      4     98  99999  99999  99999     80     27   1830   1058   5241
      4     94  99999  99999  99999     75     35   1831   1057   5240
      4     83  99999  99999  99999     85     37   1834   1052   5240
      4     79  99999  99999  99999     70     35   1835   1051   5240
      4     75  99999  99999  99999     85     41   1836   1049   5239
      4     64  99999  99999  99999     75     45   1840   1042   5239
      4     58  99999   -301   -751  99999  99999   1842   1037   5238
      4     57  99999   -305   -755     85     47   1843   1036   5238
   RAOB     19     19    MAY   2020
      1  99999  74004 32.85N114.40W     98     -1
      2  99999  99999  99999  99999  99999  99999
      3          AAAA                99999     kt
      9  10000    107  99999  99999  99999  99999   1872  11439   3284
      4   9970     98    242     -8    285      5   1872  11439   3284
      4   9910  99999    214     -6  99999  99999   1872  11439   3284
      4   9734    305  99999  99999    275     14   1873  11439   3284
      4   9393    610  99999  99999    270     16   1874  11439   3284
      4   9360  99999    162    -18  99999  99999   1874  11439   3284
      4   9250    775    154    -36    275     15   1875  11439   3284
      4   9099    914  99999  99999    280     16   1875  11438   3284
      4   8900  99999    130    -80  99999  99999   1876  11438   3284
      4   8780  99999    134   -216  99999  99999   1876  11438   3284
      4   8775   1219  99999  99999    280     19   1876  11438   3284
      4   8580  99999    122   -268  99999  99999   1877  11437   3284
      4   8500   1486    116   -214    255     24   1877  11437   3284
      4   8490  99999    116   -194  99999  99999   1877  11437   3284
      4   8461   1524  99999  99999    255     24   1877  11437   3284
      4   8250  99999     94   -106  99999  99999   1878  11436   3284
      4   8156   1829  99999  99999    260     17   1878  11436   3285
      4   8070  99999     76    -24  99999  99999   1878  11436   3285
      4   7950  99999     72    -78  99999  99999   1879  11436   3285
      4   7860   2134  99999  99999    240     23   1879  11436   3285
      4   7800  99999     82   -178  99999  99999   1879  11436   3285
      4   7660  99999     80   -170  99999  99999   1880  11435   3285
      4   7575   2438  99999  99999    225     27   1880  11435   3285
      4   7298   2743  99999  99999    210     33   1881  11434   3286
      4   7000   3082     42   -228    215     38   1882  11434   3287
      4   6770   3353  99999  99999    220     41   1883  11433   3288
      4   6518   3658  99999  99999    215     46   1884  11432   3289
      4   6390  99999     -1   -311  99999  99999   1885  11432   3289
      4   6340  99999      6   -314  99999  99999   1885  11431   3289
      4   6041   4267  99999  99999    215     55   1886  11430   3291
      4   5750  99999    -27   -507  99999  99999   1888  11429   3292
      4   5593   4877  99999  99999    215     51   1888  11428   3293
      4   5330  99999    -71   -471  99999  99999   1889  11427   3295
      4   5290  99999    -61   -481  99999  99999   1890  11427   3295
      4   5000   5750    -93   -463    230     54   1891  11425   3296
      4   4974   5791  99999  99999    230     54   1891  11425   3297
      4   4780   6096  99999  99999    225     58   1892  11423   3298
      4   4680  99999   -131   -451  99999  99999   1893  11422   3298
      4   4593   6401  99999  99999    230     66   1893  11422   3299
      4   4380  99999   -159   -409  99999  99999   1895  11420   3300
      4   4000   7440   -221   -401    225     60   1897  11416   3303
      4   3903   7620  99999  99999    225     60   1897  11415   3304
      4   3640  99999   -275   -425  99999  99999   1899  11413   3306
      4   3370  99999   -315   -405  99999  99999   1801  11410   3308
      4   3300  99999   -321   -481  99999  99999   1801  11409   3309
      4   3230  99999  99999  99999    225     73   1802  11408   3309
      4   3152   9144  99999  99999    225     73   1802  11407   3310
      4   3000   9480   -377   -477    225     72   1804  11406   3312
      4   2900  99999   -399   -489  99999  99999   1804  11404   3313
      4   2580  99999   -461   -551  99999  99999   1807  11400   3317
      4   2516  10668  99999  99999    225     69   1808  11399   3317
      4   2500  10710   -477   -577    225     68   1808  11399   3318
      4   2420  99999   -489   -619  99999  99999   1808  11398   3319
      4   2250  99999   -521   -691  99999  99999   1810  11395   3321
      4   2087  11887  99999  99999    220     66   1812  11393   3323
      4   2000  12160   -557   -707    225     65   1813  11392   3324
      4   1950  99999   -571   -701  99999  99999   1813  11391   3325
      4   1890  99999   -567   -727  99999  99999   1814  11390   3326
      4   1760  99999   -591   -731    235     71   1815  11387   3327
      4   1722  13106  99999  99999    230     72   1816  11386   3328
      4   1640  99999   -581   -791  99999  99999   1817  11384   3329
      4   1562  13716  99999  99999    240     64   1818  11382   3330
      4   1500  13970   -591   -831    225     63   1819  11381   3331
      4   1417  14326  99999  99999    225     62   1820  11379   3333
      4   1390  99999   -595   -845  99999  99999   1820  11378   3333
      4   1350  14630  99999  99999    245     59   1821  11377   3333
      4   1240  99999   -625   -865  99999  99999   1822  11375   3335
      4   1223  15240  99999  99999    230     57   1823  11374   3335
      4   1108  15850  99999  99999    240     54   1825  11371   3337
      4   1080  99999   -629   -869  99999  99999   1825  11370   3337
      4   1040  99999   -615   -875  99999  99999   1826  11369   3338
      4   1000  16480   -625   -875    240     30   1827  11369   3338
      4    955  16764  99999  99999    240     30   1828  11368   3339
      4    873  99999   -671   -891  99999  99999   1830  11366   3339
      4    864  17374  99999  99999    225     23   1830  11366   3340
      4    784  99999   -599   -879  99999  99999   1832  11365   3341
      4    782  17983  99999  99999    230     34   1832  11365   3341
      4    745  18288  99999  99999    260     19   1833  11364   3341
      4    732  99999   -623   -883  99999  99999   1833  11364   3341
      4    709  18593  99999  99999    245     18   1834  11364   3341
      4    704  99999   -615   -885  99999  99999   1834  11363   3341
      4    700  18670  99999  99999  99999  99999   1834  11363   3341
   RAOB     19     19    MAY   2020
      1  99999  74005 32.86N114.03W    230     -1
      2  99999  99999  99999  99999  99999  99999
      3          AAAA                99999     kt
      9  10000    102  99999  99999  99999  99999   1878  11403   3286
      4   9850    230    246     16    270     14   1878  11403   3286
      4   9830  99999    214     24  99999  99999   1878  11402   3286
      4   9810  99999    210     20  99999  99999   1878  11402   3285
      4   9765    305  99999  99999    275     16   1879  11402   3285
      4   9427    610  99999  99999    280     20   1880  11402   3285
      4   9250    773    166    -14    280     18   1880  11401   3285
      4   9098    914  99999  99999    275     18   1881  11401   3285
      4   9090  99999    154    -16  99999  99999   1881  11401   3285
      4   9070  99999    160    -70  99999  99999   1881  11401   3285
      4   9040  99999    158   -112  99999  99999   1881  11401   3285
      4   8775   1219  99999  99999    270     19   1882  11401   3285
      4   8500   1486    116      6    245     13   1882  11400   3285
      4   8461   1524  99999  99999    265     15   1883  11400   3285
      4   8310  99999    100     10  99999  99999   1883  11400   3285
      4   8250  99999    104     -6  99999  99999   1883  11400   3285
      4   8157   1829  99999  99999    235     13   1884  11400   3286
      4   8010  99999     92    -58  99999  99999   1884  11399   3286
      4   7870  99999    110   -170  99999  99999   1885  11399   3286
      4   7863   2134  99999  99999    225     28   1885  11399   3286
      4   7590  99999     88   -312  99999  99999   1886  11398   3287
      4   7580   2438  99999  99999    220     36   1886  11398   3287
      4   7330  99999     66   -264  99999  99999   1887  11398   3287
      4   7304   2743  99999  99999    220     34   1887  11398   3287
      4   7150  99999     62   -248  99999  99999   1887  11397   3288
      4   7000   3091     52   -258    210     39   1888  11397   3288
      4   6700  99999     22   -318  99999  99999   1889  11396   3289
      4   6526   3658  99999  99999    210     43   1890  11396   3290
      4   6510  99999     18   -372  99999  99999   1890  11395   3290
      4   6320  99999      0   -340  99999  99999   1891  11395   3291
      4   6280  99999      4   -386  99999  99999   1891  11395   3291
      4   6049   4267  99999  99999    220     52   1892  11394   3292
      4   5960  99999    -13   -283  99999  99999   1892  11393   3293
      4   5821   4572  99999  99999    215     55   1893  11393   3294
      4   5660  99999    -45   -245  99999  99999   1894  11392   3294
      4   5600   4877  99999  99999    220     53   1894  11392   3295
      4   5470  99999    -61   -371  99999  99999   1894  11391   3295
      4   5320  99999    -67   -447  99999  99999   1895  11390   3296
      4   5000   5760    -95   -455    225     57   1897  11388   3298
      4   4786   6096  99999  99999    230     58   1898  11386   3299
      4   4470  99999   -147   -377  99999  99999   1900  11384   3301
      4   4000   7440   -215   -395    225     58   1802  11380   3304
      4   3903   7620  99999  99999    220     59   1803  11379   3305
      4   3820  99999   -243   -403  99999  99999   1803  11379   3306
      4   3610  99999   -269   -399  99999  99999   1805  11377   3307
      4   3430  99999   -299   -419  99999  99999   1806  11375   3309
      4   3380  99999   -303   -493  99999  99999   1806  11374   3309
      4   3155   9144  99999  99999    225     69   1808  11372   3311
      4   3140  99999   -353   -473  99999  99999   1808  11372   3312
      4   3030  99999   -371   -551  99999  99999   1809  11370   3313
      4   3000   9500   -379   -519    225     69   1809  11370   3313
      4   2910  99999   -397   -517  99999  99999   1810  11369   3314
      4   2820  99999   -413   -503  99999  99999   1811  11368   3315
      4   2630  99999   -449   -629  99999  99999   1812  11365   3317
      4   2524  10668  99999  99999    225     68   1813  11364   3318
      4   2500  10730   -477   -607    225     68   1813  11363   3319
      4   2390  99999   -501   -591  99999  99999   1814  11362   3320
      4   2330  99999   -513   -613  99999  99999   1815  11361   3321
      4   2190  99999   -533   -673  99999  99999   1816  11359   3323
      4   2091  11887  99999  99999    215     64   1817  11358   3324
      4   2000  12170   -567   -687    225     61   1818  11357   3325
      4   1993  12192  99999  99999    225     60   1818  11357   3325
      4   1940  99999   -575   -705  99999  99999   1819  11356   3326
      4   1790  99999   -583   -753  99999  99999   1820  11353   3328
      4   1780  99999  99999  99999    225     72   1821  11353   3328
      4   1724  13106  99999  99999    225     72   1821  11352   3329
      4   1700  99999   -603   -743    235     61   1822  11351   3330
      4   1642  13411  99999  99999    230     57   1822  11350   3330
      4   1600  99999   -605   -785  99999  99999   1823  11349   3331
      4   1590  99999   -593   -793  99999  99999   1823  11349   3331
      4   1500  13970   -607   -817    235     64   1824  11347   3332
      4   1440  99999   -593   -833  99999  99999   1825  11346   3333
      4   1417  14326  99999  99999    235     64   1825  11345   3334
      4   1350  14630  99999  99999    245     60   1826  11343   3334
      4   1310  99999   -605   -845  99999  99999   1827  11342   3335
      4   1223  15240  99999  99999    235     58   1828  11340   3336
      4   1220  99999   -635   -855  99999  99999   1828  11340   3336
      4   1164  15545  99999  99999    235     59   1829  11338   3337
      4   1160  99999   -621   -861  99999  99999   1829  11338   3337
      4   1054  16154  99999  99999    250     44   1831  11335   3338
      4   1050  99999   -639   -869  99999  99999   1831  11335   3338
      4   1000  16480   -631   -871    235     30   1832  11334   3339
      4    955  16764  99999  99999    235     30   1833  11333   3339
      4    910  99999   -663   -883  99999  99999   1834  11333   3340
      4    877  99999   -655   -885  99999  99999   1835  11332   3340
      4    831  99999   -669   -889  99999  99999   1836  11331   3341
      4    821  17678  99999  99999    215     29   1836  11331   3341
      4    788  99999   -619   -889  99999  99999   1837  11331   3342
      4    755  99999   -605   -875  99999  99999   1838  11330   3342
      4    744  18288  99999  99999    255     24   1838  11330   3342
      4    708  18593  99999  99999    245     15   1840  11329   3342
      4    700  18660   -621   -881    195     15   1840  11329   3342
      4    694  99999   -613   -873  99999  99999   1840  11329   3342
   RAOB     19     19    MAY   2020
      1  99999  74646 36.61N 97.49W    315     -1
      2  99999  99999  99999  99999  99999  99999
      3          AAAA                99999     kt
      9  10000    115  99999  99999  99999  99999   1881   9748   3661
      4   9770    315    216    126     35     11   1881   9748   3661
      4   9441    610  99999  99999     55     10   1882   9749   3660
      4   9250    784    154     94     45      9   1882   9749   3660
      4   9109    914  99999  99999     55      9   1883   9749   3660
      4   8785   1219  99999  99999     40     11   1884   9749   3660
      4   8760  99999    116     83  99999  99999   1884   9749   3660
      4   8700  99999    120     70  99999  99999   1884   9749   3660
      4   8500   1497    184   -266    340      9   1885   9749   3660
      4   8473   1524  99999  99999      5     10   1885   9749   3660
      4   8410  99999    192   -258  99999  99999   1885   9749   3660
      4   8290  99999    188     18  99999  99999   1885   9749   3660
      4   8177   1829  99999  99999    315      8   1886   9749   3659
      4   8040  99999    174    -26  99999  99999   1886   9749   3659
      4   7890   2134  99999  99999    350     11   1887   9749   3659
      4   7820  99999    162     52  99999  99999   1887   9749   3659
      4   7613   2438  99999  99999    350     13   1888   9749   3659
      4   7400  99999    152    -58  99999  99999   1889   9749   3659
      4   7344   2743  99999  99999    345     19   1889   9749   3658
      4   7220  99999    128     48  99999  99999   1889   9749   3658
      4   7000   3145    108     38    340     23   1890   9749   3658
      4   6970  99999    104     44  99999  99999   1890   9749   3658
      4   6580   3658  99999  99999    320     27   1892   9748   3657
      4   6470  99999     62    -18  99999  99999   1892   9748   3656
      4   6350  99999     60   -200  99999  99999   1893   9747   3656
      4   6250  99999     50   -230  99999  99999   1893   9747   3656
      4   6108   4267  99999  99999    320     29   1894   9747   3656
      4   5890  99999     10   -310  99999  99999   1895   9746   3655
      4   5881   4572  99999  99999    335     31   1895   9746   3655
      4   5662   4877  99999  99999    335     30   1896   9746   3654
      4   5449   5182  99999  99999    325     21   1897   9745   3653
      4   5360  99999    -27   -317  99999  99999   1897   9745   3653
      4   5000   5860    -79   -329    335     20   1899   9744   3652
      4   4850   6096  99999  99999    340     21   1900   9744   3652
      4   4750  99999   -117   -337  99999  99999   1801   9744   3652
      4   4661   6401  99999  99999    345     18   1801   9744   3651
      4   4460  99999   -141   -541  99999  99999   1802   9744   3651
      4   4000   7550   -213   -503    335     32   1805   9743   3649
      4   3962   7620  99999  99999    335     31   1805   9743   3649
      4   3800   7925  99999  99999    330     34   1806   9742   3648
      4   3560  99999   -289   -519  99999  99999   1808   9741   3647
      4   3203   9144  99999  99999    350     24   1810   9741   3645
      4   3160  99999   -351   -601  99999  99999   1810   9741   3645
      4   3066   9449  99999  99999    345     19   1811   9740   3644
      4   3030  99999   -373   -543  99999  99999   1811   9740   3644
      4   3010  99999   -375   -475  99999  99999   1812   9740   3644
      4   3000   9590   -377   -527    340     20   1812   9740   3644
      4   2990  99999   -377   -567  99999  99999   1812   9740   3644
      4   2920  99999   -391   -591  99999  99999   1812   9740   3644
      4   2802  10058  99999  99999    325     21   1813   9740   3643
      4   2620  99999   -451   -571  99999  99999   1815   9739   3643
      4   2558  10668  99999  99999    335     21   1815   9739   3642
      4   2500  10820   -469   -609    335     23   1816   9739   3642
      4   2443  10973  99999  99999    335     23   1816   9739   3642
      4   2333  11278  99999  99999    330     14   1817   9738   3641
      4   2226  11582  99999  99999      0      9   1818   9738   3641
      4   2000  12270   -577   -687     15     20   1821   9739   3640
      4   1950  99999   -589   -719  99999  99999   1821   9739   3640
      4   1837  12802  99999  99999     15     20   1822   9739   3639
      4   1790  99999   -631   -701  99999  99999   1823   9739   3639
      4   1749  13106  99999  99999     10     24   1823   9739   3638
      4   1730  99999   -617   -737  99999  99999   1824   9739   3638
      4   1664  13411  99999  99999    330     29   1824   9739   3638
      4   1630  99999   -651   -741    315     36   1825   9739   3637
      4   1583  13716  99999  99999    315     39   1825   9738   3637
      4   1500  14050   -617   -857    320     33   1826   9737   3636
      4   1430  99999   -603   -863  99999  99999   1827   9736   3636
      4   1237  15240  99999  99999    325     30   1830   9734   3633
      4   1119  15850  99999  99999    315     21   1832   9733   3632
      4   1100  99999   -679   -879    295     20   1833   9733   3632
      4   1063  16154  99999  99999    290     24   1833   9733   3632
      4   1010  16459  99999  99999    295     29   1835   9732   3632
      4   1000  16520   -667   -897    335     19   1835   9732   3632
      4    960  16764  99999  99999    335     19   1836   9731   3631
      4    951  99999   -681   -901  99999  99999   1836   9731   3631
      4    913  17069  99999  99999    280     17   1837   9731   3631
      4    888  99999   -641   -921  99999  99999   1837   9731   3631
      4    869  17374  99999  99999    300     16   1838   9730   3631
      4    826  17678  99999  99999    260      9   1839   9730   3631
      4    823  99999   -651   -921  99999  99999   1839   9730   3631
      4    786  17983  99999  99999    265     21   1840   9730   3631
      4    748  18288  99999  99999    300     10   1841   9729   3631
      4    712  18593  99999  99999    345      2   1842   9729   3631
      4    700  18700   -633   -933     65      7   1842   9729   3631
      4    642  99999   -609   -939  99999  99999   1844   9729   3631
      4    614  19507  99999  99999    160     10   1845   9729   3631
      4    584  19812  99999  99999    220     20   1846   9729   3631
      4    556  20117  99999  99999    240     15   1847   9729   3632
      4    529  20422  99999  99999    300      5   1848   9728   3632
      4    500  20770   -617   -947     20     12   1849   9728   3631
      4    479  21031  99999  99999     20     12   1850   9729   3631
      4    477  99999   -625   -945  99999  99999   1850   9729   3631
      4    456  21336  99999  99999     45     16   1851   9729   3631
      4    414  21946  99999  99999     75     10   1853   9730   3630
      4    395  99999   -575   -935  99999  99999   1854   9730   3630
      4    394  22250  99999  99999     80     23   1854   9730   3630
      4    376  22555  99999  99999     90     20   1855   9731   3630
      4    358  22860  99999  99999    100     21   1856   9732   3630
      4    341  23165  99999  99999     95     13   1857   9732   3630
      4    325  23470  99999  99999    115     17   1858   9733   3631
      4    317  99999   -595   -945  99999  99999   1858   9733   3631
      4    309  23774  99999  99999     95     15   1859   9733   3631
      4    300  23970   -569   -929     95      7   1900   9733   3631
      4    296  99999   -563   -923  99999  99999   1900   9734   3631
      4    295  24079  99999  99999    130     14   1900   9734   3631
      4    281  24384  99999  99999     75     10   1900   9734   3631
      4    268  24689  99999  99999     80     16   1901   9734   3631
      4    255  24994  99999  99999     50      3   1902   9735   3631
      4    243  25298  99999  99999     35     10   1903   9735   3631
      4    232  25603  99999  99999     90     17   1904   9735   3630
      4    221  25908  99999  99999     75     16   1905   9736   3630
      4    211  26213  99999  99999     75     22   1906   9736   3630
      4    203  99999   -545   -905  99999  99999   1907   9737   3630
      4    200  26550   -547   -907     90     20   1907   9737   3630
      4    195  99999   -549   -909  99999  99999   1908   9738   3630
   RAOB     19     19    MAY   2020
      1  99999  07645 43.87N  4.40E     62     -1
      2  99999  99999  99999  99999  99999  99999
      3          AAAA                99999     kt
      9  10050     62    276    106      5     17   1857    440   4387
      4  10000    104    270    100      5     17   1857    439   4386
      4   9250    784    206     86     10     29   1860    439   4385
      4   8500   1505    138     68    355     31   1862    439   4383
      4   7510  99999     50     20  99999  99999   1866    439   4383
      4   7130  99999     44    -76  99999  99999   1867    439   4383
      4   7000   3105     36    -84     20     33   1867    439   4383
      4   6500  99999      6   -144  99999  99999   1869    439   4383
      4   5680  99999    -89   -199  99999  99999   1873    439   4383
      4   5490  99999    -97   -297  99999  99999   1874    439   4383
      4   5070  99999   -135   -285  99999  99999   1876    439   4383
      4   5000   5740   -145   -265     20     35   1876    439   4383
      4   4820  99999   -171   -291  99999  99999   1877    439   4383
      4   4550  99999   -207   -248  99999  99999   1879    439   4383
      4   4000   7380   -283   -319     20     39   1882    439   4383
      4   3450  99999   -371   -413  99999  99999   1885    439   4383
      4   3220  99999   -409   -423  99999  99999   1887    439   4383
      4   3000   9370   -447   -484     20     41   1888    439   4383
      4   2810  99999   -481   -507  99999  99999   1890    439   4383
      4   2500  10570   -533   -583     40     43   1892    439   4383
      4   2340  99999   -563   -643  99999  99999   1894    439   4383
      4   2170  99999   -559   -659  99999  99999   1895    439   4383
      4   2000  11990   -605   -685      0     29   1897    439   4383
      4   1970  99999   -611   -681      5     29   1897    439   4383
      4   1720  99999   -521   -681  99999  99999   1900    439   4383
      4   1620  99999   -521   -711  99999  99999   1802    439   4383
      4   1500  13830   -501   -711    270     16   1803    439   4383
      4   1390  99999   -497   -707  99999  99999   1805    439   4383
      4   1000  16440   -567   -867    225     14   1812    439   4383
      4    850  99999   -613   -903    280     12   1815    439   4383
      4    700  18670   -591   -891    260     14   1819    439   4383
      4    645  99999   -571   -871  99999  99999   1821    439   4383
      4    500  20780   -591   -891    305     12   1826    439   4383
      4    400  99999   -571   -871  99999  99999   1831    439   4383
      4    300  24010   -565   -875     90      4   1837    439   4383
      4    242  99999   -571   -871  99999  99999   1842    439   4383
      4    200  26610   -523   -843     50     17   1846    439   4383
   RAOB     19     19    MAY   2020
      1  99999  70026 71.28N156.79W     19     -1
      2  99999  99999  99999  99999  99999  99999
      3          AAAA                99999     kt
      9  10200     19    -51    -62     65     17   1870  15678   7128
      4  10000    169    -71    -71     65     18   1871  15679   7127
      4   9827    305  99999  99999     70     18   1871  15680   7127
      4   9640  99999    -91    -92  99999  99999   1872  15681   7127
      4   9620  99999    -81    -95  99999  99999   1872  15681   7127
      4   9610  99999    -33    -74  99999  99999   1872  15681   7127
      4   9451    610  99999  99999     90     17   1872  15681   7127
      4   9250    780    -11   -181     90     17   1873  15682   7127
      4   9200  99999     -9   -129  99999  99999   1873  15682   7127
      4   9140  99999    -13    -93  99999  99999   1873  15683   7127
      4   9096    914  99999  99999     85     17   1873  15683   7127
      4   8800  99999    -31   -101  99999  99999   1874  15684   7127
      4   8753   1219  99999  99999     90     22   1875  15685   7127
      4   8620  99999    -43    -82  99999  99999   1875  15685   7127
      4   8500   1450    -41   -121     85     24   1875  15686   7127
      4   8421   1524  99999  99999     85     23   1876  15687   7127
      4   8330  99999    -45   -185  99999  99999   1876  15687   7127
      4   8100   1829  99999  99999     95     28   1877  15689   7127
      4   8010  99999    -59   -139  99999  99999   1877  15690   7127
      4   7791   2134  99999  99999    105     29   1878  15691   7127
      4   7600  99999    -73   -213  99999  99999   1878  15693   7127
      4   7493   2438  99999  99999    100     25   1879  15694   7127
      4   7203   2743  99999  99999    100     21   1880  15696   7128
      4   7000   2963   -111   -231     95     21   1880  15697   7128
      4   6923   3048  99999  99999     90     20   1881  15697   7128
      4   6390   3658  99999  99999     90     20   1883  15701   7128
      4   5891   4267  99999  99999     95     20   1885  15704   7128
      4   5654   4572  99999  99999     70     17   1886  15706   7128
      4   5470  99999   -225   -355  99999  99999   1886  15707   7128
      4   5424   4877  99999  99999     85     15   1887  15707   7128
      4   5200  99999   -251   -401  99999  99999   1888  15709   7128
      4   5000   5470   -273   -323     90     19   1889  15710   7127
      4   4990  99999   -273   -323  99999  99999   1889  15710   7127
      4   4620  99999   -307   -387  99999  99999   1891  15714   7128
      4   4581   6096  99999  99999     95     24   1891  15714   7128
      4   4320  99999   -343   -423  99999  99999   1892  15717   7128
      4   4240  99999   -351   -521  99999  99999   1893  15718   7128
      4   4130  99999   -365   -535  99999  99999   1893  15719   7128
      4   4018   7010  99999  99999    105     23   1894  15720   7128
      4   4000   7040   -381   -541    105     23   1894  15720   7128
      4   3674   7620  99999  99999     95     21   1896  15724   7128
      4   3300  99999   -481   -520  99999  99999   1898  15729   7128
      4   3202   8534  99999  99999    100     25   1899  15730   7128
      4   3000   8960   -525   -560    120     25   1900  15733   7129
      4   2916   9144  99999  99999    120     26   1801  15734   7129
      4   2890  99999   -543   -567  99999  99999   1801  15734   7129
      4   2820  99999   -551   -641  99999  99999   1802  15735   7129
      4   2790  99999   -555   -645    115     23   1802  15736   7129
      4   2780   9449  99999  99999    115     25   1802  15736   7129
      4   2710  99999   -553   -693  99999  99999   1802  15737   7129
      4   2530  99999   -557   -677  99999  99999   1804  15739   7130
      4   2500  10120   -549   -689     95     13   1804  15739   7130
      4   2407  10363  99999  99999     80     15   1805  15740   7130
      4   2296  10668  99999  99999     80     15   1806  15742   7130
      4   2191  10973  99999  99999     55     10   1807  15743   7129
      4   2000  11570   -497   -797     70      9   1809  15744   7129
      4   1996  11582  99999  99999     45     10   1809  15744   7129
      4   1950  99999   -487   -807  99999  99999   1810  15744   7129
      4   1906  11887  99999  99999     70     10   1810  15745   7129
      4   1819  12192  99999  99999     45     13   1811  15746   7129
      4   1658  12802  99999  99999     20     10   1813  15747   7128
      4   1583  13106  99999  99999     50     12   1814  15747   7128
      4   1500  13460   -473   -813     50     10   1815  15748   7128
      4   1378  14021  99999  99999     45     10   1817  15749   7128
      4   1340  99999   -469   -809  99999  99999   1818  15750   7127
      4   1316  14326  99999  99999     60     11   1818  15750   7127
      4   1257  14630  99999  99999     30     10   1819  15751   7127
      4   1200  14935  99999  99999     45     13   1820  15751   7127
      4   1145  15240  99999  99999     65      8   1821  15752   7127
      4   1000  16130   -477   -817     55     12   1824  15754   7126
      4    951  16459  99999  99999     55     12   1825  15755   7126
      4    908  16764  99999  99999     95     11   1826  15756   7126
      4    828  17374  99999  99999     70     10   1828  15758   7126
      4    755  17983  99999  99999     70     14   1830  15760   7126
      4    721  18288  99999  99999    105     19   1831  15761   7126
      4    700  18480   -481   -821    115     15   1832  15762   7126
      4    627  19202  99999  99999    110     11   1834  15765   7126
      4    572  19812  99999  99999    125     10   1836  15766   7126
      4    522  20422  99999  99999    110     12   1839  15768   7127
      4    500  20710   -453   -813    140     10   1839  15769   7127
      4    499  20726  99999  99999    155     17   1840  15769   7127
      4    455  21336  99999  99999    115      9   1842  15770   7127
      4    435  21641  99999  99999     90     11   1843  15771   7127
      4    416  21946  99999  99999    120     21   1844  15772   7128
      4    380  22555  99999  99999     95     11   1846  15775   7128
      4    363  22860  99999  99999    125     19   1847  15776   7128
      4    316  23774  99999  99999    145     14   1850  15779   7129
      4    302  24079  99999  99999     90     13   1851  15780   7129
      4    300  24130   -447   -817    105     20   1851  15780   7129
      4    264  24994  99999  99999    125     20   1854  15785   7130
      4    252  25298  99999  99999    125     24   1855  15786   7130
      4    241  25603  99999  99999    105     25   1856  15788   7131
      4    230  25908  99999  99999    160     14   1857  15790   7131
      4    220  26213  99999  99999    120     13   1858  15790   7131
      4    201  26822  99999  99999     95     10   1900  15792   7131
      4    200  26860   -435   -815    110     18   1900  15792   7131
      4    184  27432  99999  99999    115     22   1901  15795   7132
      4    176  27737  99999  99999    125     15   1902  15797   7132
      4    170  99999   -419   -809  99999  99999   1903  15797   7132
   RAOB     19     19    MAY   2020
      1  99999  01028 74.52N 19.02E     18     -1
      2  99999  99999  99999  99999  99999  99999
      3          AAAA                99999     kt
      9  10180     18    -21    -49     35      2   1852   1902   7451
      4  10000    162    -41    -53     10      4   1853   1901   7451
      4   9410  99999    -81    -81  99999  99999   1855   1901   7451
      4   9350  99999    -43    -87  99999  99999   1855   1901   7451
      4   9300  99999    -41    -89  99999  99999   1855   1902   7451
      4   9250    772    -43    -93    350      8   1855   1902   7451
      4   9120  99999    -45    -95  99999  99999   1855   1902   7451
      4   8950  99999    -49    -99  99999  99999   1856   1902   7451
      4   8500   1435    -75   -110    265      2   1857   1902   7451
      4   7820  99999   -127   -142  99999  99999   1859   1902   7451
      4   7540  99999   -139   -184  99999  99999   1860   1902   7451
      4   7450  99999   -147   -189  99999  99999   1861   1902   7450
      4   7180  99999   -167   -173  99999  99999   1862   1902   7450
      4   7170  99999  99999  99999      0     12   1862   1902   7450
      4   7050  99999   -171   -221  99999  99999   1862   1902   7450
      4   7000   2916   -175   -223    345     12   1862   1902   7450
      4   6840  99999  99999  99999    335     12   1863   1903   7450
      4   6640  99999   -209   -227  99999  99999   1863   1903   7450
      4   6090  99999   -233   -273    325     17   1866   1905   7449
      4   6040  99999   -235   -250  99999  99999   1866   1905   7449
      4   5940  99999   -241   -280  99999  99999   1866   1905   7449
      4   5790  99999   -253   -313  99999  99999   1867   1906   7448
      4   5730  99999   -257   -283  99999  99999   1867   1906   7448
      4   5630  99999   -261   -341  99999  99999   1867   1906   7448
      4   5600  99999  99999  99999    330     12   1868   1907   7448
      4   5490  99999  99999  99999    345     12   1868   1907   7448
      4   5260  99999   -289   -399  99999  99999   1869   1907   7448
      4   5200  99999   -295   -375  99999  99999   1869   1907   7448
      4   5160  99999  99999  99999    320     12   1870   1908   7448
      4   5000   5360   -315   -361    340      8   1870   1908   7447
      4   4970  99999  99999  99999    345     10   1870   1908   7447
      4   4920  99999   -323   -358  99999  99999   1871   1908   7447
      4   4810  99999  99999  99999    330     12   1871   1908   7447
      4   4000   6900   -433   -513    335     14   1875   1911   7446
      4   3830  99999   -453   -543  99999  99999   1876   1911   7446
      4   3620  99999   -477   -577  99999  99999   1878   1912   7445
      4   3520  99999   -485   -520  99999  99999   1878   1912   7445
      4   3350  99999   -509   -525  99999  99999   1879   1912   7445
      4   3280  99999  99999  99999      0      0   1880   1912   7445
      4   3070  99999   -535   -566  99999  99999   1881   1912   7445
      4   3000   8790   -541   -580    355      4   1882   1912   7445
      4   2900  99999   -553   -597      5      6   1882   1912   7445
      4   2850  99999   -537   -657  99999  99999   1883   1912   7445
      4   2500   9970   -499   -779     20      6   1886   1912   7444
      4   2280  99999   -469   -799  99999  99999   1888   1911   7444
      4   2000  11440   -461   -821     55      4   1891   1910   7444
      4   1760  99999  99999  99999    350     10   1893   1910   7443
      4   1720  99999   -455   -835  99999  99999   1894   1910   7443
      4   1710  99999  99999  99999      5     10   1894   1910   7443
      4   1500  13360   -451   -831      5      6   1897   1910   7443
      4   1330  99999  99999  99999    345     10   1900   1910   7442
      4   1290  99999  99999  99999     30     10   1900   1910   7442
      4   1210  99999  99999  99999      0     10   1802   1910   7442
      4   1180  99999  99999  99999     30     12   1802   1910   7441
      4   1140  99999  99999  99999     10     10   1803   1909   7441
      4   1110  99999  99999  99999     30     10   1804   1909   7441
      4   1060  99999  99999  99999     30     10   1805   1909   7441
      4   1020  99999  99999  99999     70     12   1806   1908   7441
      4   1000  16080   -425   -825     50      8   1806   1908   7441
      4    969  99999  99999  99999     15     10   1807   1907   7440
      4    806  99999   -439   -839  99999  99999   1811   1905   7440
      4    725  99999  99999  99999     65     10   1813   1904   7439
      4    701  99999  99999  99999    100     10   1814   1903   7439
      4    700  18480   -429   -829    100     10   1814   1903   7439
      4    500  20740   -431   -831     80      6   1822   1897   7439
      4    381  99999   -431   -831  99999  99999   1828   1893   7439
      4    320  99999  99999  99999     55     10   1832   1890   7438
      4    311  99999  99999  99999     75     10   1832   1889   7438
      4    300  24190   -409   -819     95      8   1833   1888   7438
      4    264  99999   -389   -809  99999  99999   1836   1886   7439
      4    253  99999  99999  99999    135     10   1837   1886   7439
      4    232  99999  99999  99999    275     10   1839   1886   7439
      4    229  99999   -407   -817  99999  99999   1839   1886   7439
      4    211  99999  99999  99999      0     12   1841   1887   7438
      4    208  99999  99999  99999     15     10   1841   1887   7438
      4    200  26960   -375   -795     35      8   1842   1887   7438
      4    178  99999  99999  99999    260     10   1845   1887   7438
      4    160  99999  99999  99999    320     14   1847   1890   7438
      4    158  99999   -327   -767  99999  99999   1848   1890   7438
      4    154  99999  99999  99999    295     16   1848   1891   7437
      4    143  99999  99999  99999    290     10   1850   1893   7437
      4    140  99999   -355   -785  99999  99999   1851   1893   7437
      4    138  99999  99999  99999    315     14   1851   1893   7437
      4    125  99999   -337   -777    335     12   1853   1895   7436
   RAOB     19     19    MAY   2020
      1  99999  07510 44.83N  0.68W     47     -1
      2  99999  99999  99999  99999  99999  99999
      3          AAAA                99999     kt
      9  10150     47    256     76    350      8   1855     67   4483
      4  10000    176    238     68    355     10   1856     67   4482
      4   9250    848    170     50     20     14   1858     68   4482
      4   8790  99999    130     40  99999  99999   1860     68   4481
      4   8710  99999    126     16  99999  99999   1860     68   4481
      4   8590  99999    140   -180  99999  99999   1860     68   4481
      4   8500   1561    140   -190     65     16   1861     69   4481
      4   8380  99999    134   -196  99999  99999   1861     69   4481
      4   7100  99999     36    -84  99999  99999   1866     69   4481
      4   7000   3163     26    -94     25     16   1866     69   4481
      4   6780  99999     16   -174  99999  99999   1867     69   4481
      4   6150  99999    -45   -165  99999  99999   1869     69   4481
      4   6000  99999    -47   -267  99999  99999   1870     69   4481
      4   5600  99999    -81   -201  99999  99999   1872     69   4481
      4   5300  99999   -109   -239  99999  99999   1873     69   4481
      4   5000   5800   -143   -263     35     21   1875     69   4481
      4   4260  99999   -235   -385  99999  99999   1879     69   4481
      4   4150  99999   -251   -391  99999  99999   1879     69   4481
      4   4000   7440   -273   -393     55     17   1880     69   4481
      4   3000   9440   -449   -480     60     23   1887     69   4481
      4   2860  99999   -477   -510  99999  99999   1888     69   4481
      4   2660  99999   -517   -531  99999  99999   1889     69   4481
      4   2500  10630   -545   -588     70     23   1891     69   4481
      4   2340  99999   -575   -635  99999  99999   1892     69   4481
      4   2070  99999   -631   -660     60     19   1895     69   4481
      4   2000  12030   -619   -655     60     17   1895     69   4481
      4   1680  99999   -549   -719  99999  99999   1899     69   4481
      4   1500  13840   -549   -739    290     12   1801     69   4481
      4   1340  99999   -533   -753  99999  99999   1804     69   4481
      4   1000  16430   -589   -889    245      6   1810     69   4481
      4    969  99999   -599   -899    240     14   1811     69   4481
      4    700  18670   -575   -875    245     10   1818     69   4481
      4    533  99999   -599   -899  99999  99999   1823     69   4481
      4    500  20780   -587   -887      0      0   1825     69   4481
      4    386  99999   -549   -859  99999  99999   1830     69   4481
      4    300  24020   -561   -871    175      2   1835     69   4481
      4    219  99999   -549   -859  99999  99999   1842     69   4481
      4    200  26620   -527   -847     55     17   1844     69   4481
      4    163  99999   -491   -821  99999  99999   1849     69   4481
   RAOB     19     19    MAY   2020
      1  99999  07110 48.45N  4.42W    103     -1
      2  99999  99999  99999  99999  99999  99999
      3          AAAA                99999     kt
      9  10130    103    184     84     20     10   1857    442   4845
      4  10090  99999    166     56  99999  99999   1857    442   4844
      4  10000    202    164     64     15     10   1857    442   4844
      4   9760  99999    140     70  99999  99999   1858    442   4844
      4   9580  99999    140     80  99999  99999   1858    442   4844
      4   9370  99999    134     44  99999  99999   1859    442   4844
      4   9250    860    142    -28    200      6   1859    442   4844
      4   9210  99999    150   -150  99999  99999   1859    442   4844
      4   8870  99999    128   -212  99999  99999   1860    441   4844
      4   8500   1569    118   -252    220      4   1862    441   4845
      4   8000  99999    100   -300  99999  99999   1863    441   4845
      4   7900  99999     90    -20  99999  99999   1864    441   4845
      4   7630  99999     66     -4  99999  99999   1865    441   4845
      4   7400  99999     50    -50  99999  99999   1865    441   4845
      4   7290  99999     40    -30  99999  99999   1866    441   4845
      4   7000   3165     30   -330    190      4   1867    441   4845
      4   6860  99999     24   -156  99999  99999   1867    441   4845
      4   6520  99999    -13   -123  99999  99999   1869    441   4845
      4   6360  99999    -21   -261  99999  99999   1869    441   4845
      4   6230  99999    -33   -163  99999  99999   1870    441   4845
      4   5880  99999    -67   -207  99999  99999   1872    441   4845
      4   5740  99999    -73   -353  99999  99999   1872    441   4845
      4   5550  99999    -83   -293  99999  99999   1873    441   4845
      4   5000   5790   -145   -335    260     12   1876    441   4845
      4   4000   7440   -275   -475    260     17   1881    441   4845
      4   3720  99999   -315   -515  99999  99999   1883    441   4845
      4   3310  99999   -387   -567  99999  99999   1886    441   4845
      4   3180  99999   -409   -479  99999  99999   1887    441   4845
      4   3000   9440   -443   -491    285     16   1888    441   4845
      4   2760  99999   -489   -512  99999  99999   1890    441   4845
      4   2590  99999   -523   -551  99999  99999   1891    441   4845
      4   2500  10630   -531   -575    285      8   1892    441   4845
      4   2000  12040   -631   -691    260      8   1896    441   4845
      4   1920  99999   -649   -699  99999  99999   1897    441   4845
      4   1760  99999   -671   -707    250     10   1899    441   4845
      4   1570  99999   -609   -739  99999  99999   1801    441   4845
      4   1500  13810   -567   -717    260     19   1802    441   4845
      4   1360  99999   -567   -807  99999  99999   1804    441   4845
      4   1200  99999   -537   -817  99999  99999   1807    441   4845
      4   1000  16390   -565   -875    235     17   1811    441   4845
      4    866  99999   -591   -891  99999  99999   1814    441   4845
      4    700  18630   -589   -889    205      4   1818    441   4845
      4    566  99999   -551   -861  99999  99999   1823    441   4845
      4    500  20770   -557   -867    305      6   1826    441   4845
      4    434  99999   -565   -875  99999  99999   1829    441   4845
      4    300  24030   -539   -849     80     10   1836    441   4845
      4    284  99999   -521   -841  99999  99999   1838    441   4845
      4    200  26640   -529   -849    105     12   1845    441   4845
      4    100  31240   -395   -755    100     25   1900    441   4845
      4     77  99999   -323   -703  99999  99999   1906    441   4845
   RAOB     19     19    MAY   2020
      1  99999  07145 48.77N  2.00E    168     -1
      2  99999  99999  99999  99999  99999  99999
      3          AAAA                99999     kt
      9  10030    168    212    112    345      8   1855    200   4877
      4  10000    191    210    110    345      8   1856    200   4876
      4   9250    858    144     95     15     10   1858    199   4876
      4   8580  99999     88     64  99999  99999   1860    199   4875
      4   8500   1565     96     16     10     12   1860    199   4875
      4   8340  99999    106   -134  99999  99999   1861    199   4875
      4   8000  99999     96    -44  99999  99999   1862    199   4875
      4   7140  99999     26    -17  99999  99999   1865    199   4875
      4   7000   3159     14    -33     15     12   1865    199   4875
      4   6770  99999     -7    -57  99999  99999   1866    199   4875
      4   6630  99999     -7    -97  99999  99999   1867    199   4875
      4   5410  99999   -127   -197  99999  99999   1872    199   4875
      4   5000   5780   -157   -297    355     16   1874    199   4875
      4   4700  99999   -191   -361  99999  99999   1876    199   4875
      4   4330  99999   -229   -389  99999  99999   1878    199   4875
      4   4000   7420   -283   -373    350     27   1880    199   4875
      4   3870  99999   -303   -373  99999  99999   1880    199   4875
      4   3660  99999   -333   -433  99999  99999   1882    199   4875
      4   3270  99999   -389   -529  99999  99999   1884    199   4875
      4   3000   9420   -433   -493    335     21   1886    199   4875
      4   2500  10620   -525   -585    340     21   1890    199   4875
      4   2000  12030   -623   -683    330     16   1895    199   4875
      4   1880  99999   -643   -703    345     14   1896    199   4875
      4   1740  99999   -647   -707  99999  99999   1898    199   4875
      4   1580  99999   -589   -749  99999  99999   1900    199   4875
      4   1550  99999   -575   -745  99999  99999   1900    199   4875
      4   1500  13810   -573   -773    285     19   1801    199   4875
      4   1280  99999   -539   -849  99999  99999   1804    199   4875
      4   1000  16390   -563   -873    255     17   1810    199   4875
      4    719  99999   -595   -895  99999  99999   1817    199   4875
      4    700  18640   -589   -889    325     12   1817    199   4875
      4    500  20770   -553   -863    280     16   1824    199   4875
      4    400  99999   -561   -871  99999  99999   1829    199   4875
      4    300  24030   -529   -849     90     16   1835    199   4875
      4    267  99999   -545   -855  99999  99999   1838    199   4875
      4    200  26650   -497   -827     65     12   1844    199   4875
      4    145  99999   -477   -807  99999  99999   1851    199   4875
      4    100  31260   -381   -741     90     41   1859    199   4875
   RAOB     19     19    MAY   2020
      1  99999  10771 49.43N 11.90E    419     -1
      2  99999  99999  99999  99999  99999  99999
      3          AAAA                99999     kt
      9  10000    142  99999  99999  99999  99999   1925   1190   4943
      4   9690    419    222     52    310      4   1925   1190   4943
      4   9250    817    184     34    335     12   1927   1190   4942
      4   9210  99999  99999  99999    335     12   1927   1190   4942
      4   8910  99999  99999  99999    325     10   1928   1190   4942
      4   8620  99999  99999  99999    335     12   1929   1190   4942
      4   8520  99999  99999  99999    345     12   1929   1190   4942
      4   8500   1533    116     26    345     12   1929   1190   4942
      4   8210  99999  99999  99999    335     10   1930   1190   4941
      4   8000  99999  99999  99999    350     10   1931   1190   4941
      4   7670  99999  99999  99999     30     12   1932   1190   4941
      4   7550  99999     24    -11  99999  99999   1932   1190   4941
      4   7530  99999  99999  99999     35     10   1933   1190   4941
      4   7410  99999  99999  99999      5     12   1933   1190   4941
      4   7240  99999  99999  99999     10     10   1934   1190   4940
      4   7000   3114    -13    -19      0     12   1934   1190   4940
      4   6790  99999    -31    -31  99999  99999   1935   1190   4940
      4   6700  99999  99999  99999    330     14   1936   1190   4940
      4   6270  99999    -53    -77  99999  99999   1937   1191   4939
      4   6150  99999  99999  99999    340     19   1938   1191   4939
      4   6020  99999  99999  99999    330     17   1938   1191   4939
      4   6000  99999  99999  99999    330     17   1939   1191   4939
      4   5980  99999    -81    -90  99999  99999   1939   1191   4939
      4   5920  99999  99999  99999    350     16   1939   1191   4938
      4   5810  99999    -87   -137  99999  99999   1939   1191   4938
      4   5350  99999  99999  99999    330     17   1841   1192   4937
      4   5000   5730   -161   -198    335     14   1843   1192   4937
      4   4980  99999   -161   -202  99999  99999   1843   1192   4937
      4   4880  99999   -171   -221  99999  99999   1844   1193   4936
      4   4760  99999   -189   -228  99999  99999   1844   1193   4936
      4   4330  99999  99999  99999    335     16   1847   1193   4935
      4   4140  99999  99999  99999    310     12   1848   1194   4935
      4   4090  99999   -275   -316  99999  99999   1848   1194   4935
      4   4000   7370   -285   -345    315     16   1849   1194   4935
      4   3790  99999  99999  99999    335     14   1850   1195   4934
      4   3740  99999   -313   -433  99999  99999   1850   1195   4934
      4   3570  99999  99999  99999    335     12   1851   1195   4934
      4   3490  99999  99999  99999    320     12   1852   1195   4934
      4   3430  99999  99999  99999    345     12   1852   1195   4934
      4   3120  99999   -423   -466  99999  99999   1854   1195   4933
      4   3090  99999   -427   -450  99999  99999   1855   1195   4933
      4   3070  99999   -431   -481  99999  99999   1855   1195   4933
      4   3000   9360   -439   -482    345     16   1855   1196   4933
      4   2940  99999  99999  99999    345     14   1856   1196   4932
      4   2860  99999   -463   -500  99999  99999   1856   1196   4932
      4   2830  99999   -463   -533  99999  99999   1857   1196   4932
      4   2770  99999  99999  99999      0     16   1857   1196   4932
      4   2570  99999   -515   -558  99999  99999   1859   1196   4931
      4   2510  99999   -521   -601  99999  99999   1859   1196   4931
      4   2500  10560   -521   -601    350     23   1859   1196   4931
      4   2490  99999  99999  99999    350     25   1859   1196   4931
      4   2440  99999   -531   -591  99999  99999   1860   1196   4930
      4   2370  99999  99999  99999    345     23   1860   1196   4930
      4   2140  99999  99999  99999    355     14   1863   1196   4929
      4   2010  99999  99999  99999    350     23   1864   1197   4928
      4   2000  11980   -615   -695    355     23   1864   1197   4928
      4   1980  99999   -619   -699      0     19   1864   1197   4928
      4   1960  99999  99999  99999      5     12   1864   1197   4928
      4   1920  99999  99999  99999    345      4   1865   1197   4928
      4   1810  99999  99999  99999    275     14   1866   1197   4928
      4   1740  99999   -605   -785  99999  99999   1867   1197   4928
      4   1680  99999  99999  99999    305     19   1868   1198   4927
      4   1640  99999   -561   -841  99999  99999   1868   1198   4927
      4   1630  99999  99999  99999    285     19   1868   1198   4927
      4   1570  99999   -579   -839  99999  99999   1869   1199   4927
      4   1550  99999  99999  99999    295     29   1869   1199   4927
      4   1510  99999  99999  99999    295     25   1870   1200   4927
      4   1500  13780   -559   -849    295     23   1870   1200   4927
      4   1470  99999  99999  99999    265     19   1870   1201   4927
      4   1460  99999   -537   -847  99999  99999   1871   1201   4927
      4   1400  99999   -559   -849  99999  99999   1872   1201   4927
      4   1380  99999  99999  99999    285     19   1872   1202   4927
      4   1350  99999  99999  99999    270     16   1872   1202   4927
      4   1330  99999  99999  99999    260     21   1873   1202   4927
      4   1250  99999  99999  99999    280     35   1874   1204   4927
      4   1190  99999  99999  99999    300     25   1875   1205   4926
      4   1180  99999   -537   -857  99999  99999   1875   1205   4926
      4   1120  99999  99999  99999    290     19   1876   1206   4926
      4   1110  99999  99999  99999    285     19   1876   1206   4926
      4   1090  99999  99999  99999    265     23   1877   1207   4926
      4   1000  16370   -563   -873    275     25   1879   1209   4926
      4    981  99999  99999  99999    275     29   1879   1209   4926
      4    961  99999  99999  99999    290     31   1880   1210   4926
      4    931  99999  99999  99999    310     29   1880   1210   4926
      4    910  99999  99999  99999    305     19   1881   1211   4925
      4    893  99999  99999  99999    285     16   1881   1211   4925
      4    879  99999  99999  99999    260     19   1881   1211   4925
      4    861  99999  99999  99999    260     25   1882   1212   4925
      4    860  99999   -591   -881    265     25   1882   1212   4925
      4    833  99999  99999  99999    285     27   1883   1212   4925
      4    787  99999  99999  99999    330     12   1884   1213   4925
      4    782  99999  99999  99999    335     10   1884   1213   4925
      4    766  99999  99999  99999    295      6   1884   1213   4925
      4    752  99999  99999  99999    250     10   1885   1213   4925
      4    718  99999  99999  99999    255     17   1886   1214   4925
      4    700  18610   -597   -887    275     21   1886   1214   4925
      4    699  99999   -597   -887  99999  99999   1886   1214   4925
      4    660  99999  99999  99999    300     27   1887   1215   4925
      4    642  99999  99999  99999    325     23   1888   1216   4925
      4    599  99999  99999  99999    305     17   1889   1217   4924
      4    577  99999  99999  99999    340     16   1890   1217   4924
      4    568  99999  99999  99999    330     12   1891   1217   4924
      4    554  99999  99999  99999    275     12   1891   1217   4924
      4    546  99999  99999  99999    270     16   1891   1218   4924
      4    518  99999  99999  99999    330     16   1892   1218   4923
      4    500  20740   -569   -879    340     10   1893   1218   4923
      4    497  99999  99999  99999    345     10   1893   1218   4923
      4    477  99999  99999  99999    340      6   1894   1218   4923
      4    439  99999  99999  99999    295     12   1896   1219   4923
      4    419  99999  99999  99999    355     17   1897   1219   4922
      4    411  99999  99999  99999     10     14   1897   1219   4922
      4    403  99999  99999  99999     45     10   1898   1219   4922
      4    387  99999  99999  99999    185      2   1899   1219   4922
      4    378  99999  99999  99999    300     10   1899   1219   4922
      4    371  99999  99999  99999    320     14   1900   1219   4922
      4    341  99999  99999  99999     60     10   1801   1219   4921
      4    332  99999  99999  99999     55     16   1802   1219   4921
      4    327  99999   -525   -865  99999  99999   1802   1219   4921
      4    320  99999  99999  99999    110     12   1803   1219   4921
      4    317  99999  99999  99999    110     10   1803   1218   4921
      4    310  99999  99999  99999     70     10   1803   1218   4921
      4    301  99999  99999  99999     70     17   1804   1218   4921
      4    300  24010   -547   -877     75     17   1804   1218   4921
      4    297  99999  99999  99999     85     19   1804   1218   4921
      4    286  99999  99999  99999    115     10   1805   1217   4921
      4    281  99999   -551   -881  99999  99999   1806   1217   4921
      4    280  99999  99999  99999     80      4   1806   1217   4921
      4    273  99999  99999  99999     45     10   1806   1217   4921
      4    263  99999  99999  99999     75     17   1807   1217   4921
      4    247  99999  99999  99999    100     10   1808   1216   4921
      4    242  99999  99999  99999    110      8   1809   1216   4921
      4    237  99999  99999  99999     70     14   1809   1215   4921
      4    232  99999  99999  99999     70     19   1810   1215   4921
      4    225  99999  99999  99999     60     12   1810   1215   4921
      4    215  99999  99999  99999     80     17   1811   1214   4921
      4    208  99999  99999  99999     40     16   1812   1214   4921
      4    204  99999   -479   -859  99999  99999   1812   1214   4920
      4    200  26630   -481   -851     70     23   1813   1213   4920
      4    197  99999  99999  99999     85     21   1813   1213   4920
      4    189  99999  99999  99999     65     19   1814   1212   4920
      4    177  99999   -489   -859  99999  99999   1816   1211   4920
      4    173  99999  99999  99999     80     17   1816   1211   4920
      4    168  99999  99999  99999     60     21   1817   1210   4920
      4    156  99999  99999  99999     85     27   1818   1209   4919
      4    152  99999   -441   -841  99999  99999   1819   1208   4919
      4    146  99999  99999  99999     85     33   1820   1207   4919
      4    127  99999  99999  99999     90     27   1823   1203   4919
      4    120  99999  99999  99999     70     27   1824   1201   4919
      4    103  99999  99999  99999     85     27   1828   1197   4918
      4    100  31280   -389   -809     85     29   1828   1197   4918
      4     93  99999  99999  99999     75     29   1830   1195   4918
      4     88  99999  99999  99999     95     25   1831   1193   4918
      4     85  99999  99999  99999     85     29   1832   1192   4918
      4     83  99999  99999  99999     90     33   1833   1191   4918
      4     79  99999   -367   -787  99999  99999   1834   1190   4918
      4     78  99999  99999  99999    105     25   1834   1190   4918
      4     75  99999   -375   -795  99999  99999   1835   1189   4918
      4     73  99999  99999  99999     80     19   1836   1188   4918
      4     71  99999  99999  99999    105     19   1836   1188   4918
      4     69  99999  99999  99999     90     17   1837   1187   4918
      4     68  99999  99999  99999     70     19   1837   1187   4918
      4     64  99999  99999  99999     65     33   1839   1186   4918
      4     60  99999  99999  99999     80     39   1840   1183   4917
      4     57  99999  99999  99999     95     31   1841   1182   4917
      4     55  99999  99999  99999     85     33   1842   1181   4917
      4     52  99999   -309   -759  99999  99999   1844   1179   4917
      4     51  99999  99999  99999    100     29   1844   1178   4917
      4     45  99999  99999  99999     95     23   1847   1175   4918
      4     43  99999   -241   -711     85     35   1848   1174   4918
   RAOB     19     19    MAY   2020
      1  99999VKB4L5Q 38.40N 13.90W      0     -1
      2  99999  99999  99999  99999  99999  99999
      3          AAAA                99999     kt
      9  10230      0    160     80     35      2   1919   1389   3840
      4  10000    222    136     86    330      6   1920   1389   3839
      4   9250    871     72     67    335      8   1922   1389   3839
      4   8500   1577    138   -292    180      6   1925   1389   3839
      4   7000   3194     74   -326    185      8   1930   1389   3839
      4   5000   5850   -135   -315    235      8   1939   1389   3839
      4   4000   7500   -265   -314    240     14   1845   1389   3839
      4   3000   9510   -431   -521    245      4   1851   1389   3839
      4   2500  10710   -521   -641    320     19   1855   1389   3839
      4   2000  12120   -615   -685    310     14   1860   1389   3839
      4   1860  99999   -637   -707    265     16   1861   1389   3839
      4   1500  13900   -599   -839    240     21   1866   1389   3839
      4   1000  16440   -591   -861    250     17   1874   1389   3839
