    254     12     19      MAY    2020
      1  92803  72202  25.75N 80.38W     4   1103
      2    100   2010   1210    142  99999      3
      3           MFL                   11     kt
      9  10120      4    228    221    160      4
      4  10000    111    250    212    180      9
      5   9990    120    250    211  99999  99999
      6   9780    304  99999  99999    190     20
      5   9540    520    238    188  99999  99999
      6   9445    609  99999  99999    210     24
      4   9250    794    214    189    220     24
      5   9130    906    208    183  99999  99999
      6   9121    914  99999  99999    225     24
      5   8900   1126    200    150  99999  99999
      6   8803   1219  99999  99999    230     23
      5   8730   1290    186    156  99999  99999
      5   8650   1368    186    126  99999  99999
      4   8500   1524    172    132    230     25
      6   8198   1828  99999  99999    225     26
      6   7907   2133  99999  99999    220     27
      5   7830   2215    128     84  99999  99999
      5   7670   2387    118     48  99999  99999
      6   7623   2438  99999  99999    225     25
      5   7610   2452    110     77  99999  99999
      5   7440   2639    100     72  99999  99999
      6   7349   2743  99999  99999    225     27
      4   7000   3155     74     -6    235     29
      5   6790   3404     56    -14  99999  99999
      6   6581   3657  99999  99999    260     27
      5   6220   4115     36    -84  99999  99999
      6   6103   4267  99999  99999    275     34
      6   5874   4572  99999  99999    285     35
      6   5654   4876  99999  99999    290     34
      5   5500   5096    -35   -215  99999  99999
      5   5110   5670    -83   -253  99999  99999
      6   5036   5791  99999  99999    295     26
      4   5000   5850    -95   -205    285     24
      6   4842   6096  99999  99999    265     22
      5   4690   6339   -133   -183  99999  99999
      6   4652   6400  99999  99999    245     24
      5   4560   6552   -143   -193  99999  99999
      5   4460   6719   -151   -281  99999  99999
      5   4410   6804   -153   -253  99999  99999
      5   4390   6838   -153   -195  99999  99999
      5   4360   6890   -157   -217  99999  99999
      5   4350   6907   -155   -265  99999  99999
      6   4291   7010  99999  99999    255     34
      5   4290   7011   -161   -321  99999  99999
      5   4260   7064   -165   -215  99999  99999
      5   4250   7082   -169   -212  99999  99999
      5   4150   7260   -183   -233  99999  99999
      5   4060   7423   -197   -227  99999  99999
      5   4020   7496   -201   -261  99999  99999
      4   4000   7540   -199   -269    250     39
      5   3980   7577   -199   -289  99999  99999
      6   3957   7620  99999  99999    245     39
      5   3770   7976   -229   -409  99999  99999
      5   3670   8171   -247   -307  99999  99999
      6   3641   8229  99999  99999    240     43
      5   3540   8431   -271   -381  99999  99999
      5   3460   8595   -287   -347  99999  99999
      5   3260   9019   -295   -335  99999  99999
      6   3203   9144  99999  99999    240     46
      6   3069   9448  99999  99999    240     44
      4   3000   9610   -345   -372    240     44
      5   2880   9893   -369   -399  99999  99999
      5   2720  10286   -385   -475  99999  99999
      6   2572  10668  99999  99999    250     68
      4   2500  10860   -433   -513    250     74
      6   2458  10972  99999  99999    245     78
      6   2040  12192  99999  99999    245     85
      5   2020  12257   -543   -593  99999  99999
      8   2010  12293  99999  99999    245     85
      4   2000  12330   -549   -609    245     85
      5   1890  12688   -577   -717  99999  99999
      6   1683  13411  99999  99999    260     77
      5   1580  13806   -611   -771  99999  99999
      5   1520  14046   -611   -681  99999  99999
      4   1500  14130   -615   -685    260     57
      6   1453  14326  99999  99999    265     53
      5   1360  14732   -637   -817  99999  99999
      6   1315  14935  99999  99999    245     33
      6   1251  15240  99999  99999    245     36
      7   1210  15439   -683   -823    245     41
      6   1190  15544  99999  99999    245     49
      6   1077  16154  99999  99999    275     37
      5   1010  16542   -659   -819  99999  99999
      4   1000  16590   -663   -823    275      8
      6    971  16764  99999  99999    270      5
      6    877  17373  99999  99999    245     11
      5    855  17527   -704   -844  99999  99999
      6    833  17678  99999  99999    265      7
      6    752  18288  99999  99999    350      3
      6    714  18592  99999  99999    115      5
      5    705  18667   -711   -851  99999  99999
      4    700  18720   -709   -849     90      6
      6    679  18897  99999  99999     80      8
      5    654  19120   -725   -855  99999  99999
      6    645  19202  99999  99999     20      2
      6    613  19507  99999  99999     10     11
      6    583  19812  99999  99999     70     21
      4    500  20730   -641   -841    105      6
      6    476  21031  99999  99999    185      4
      5    471  21096   -623   -853  99999  99999
      6    453  21336  99999  99999     95      5
      5    400  22099   -635   -855  99999  99999
      6    390  22250  99999  99999     80      4
      6    372  22555  99999  99999     15      8
      5    331  23277   -567   -837  99999  99999
      6    321  23469  99999  99999     70     13
      6    306  23774  99999  99999     50     14
      4    300  23900   -573   -843     55     16
      6    292  24079  99999  99999     60     19
      6    278  24384  99999  99999     75      8
      6    265  24688  99999  99999     50      4
      5    235  25451   -541   -831  99999  99999
      6    230  25603  99999  99999    165      8
      6    219  25908  99999  99999    185      7
      5    218  25939   -467   -817  99999  99999
      6    209  26212  99999  99999    120      1
      4    200  26520   -477   -807    195      5
      6    191  26822  99999  99999    195      8
      6    174  27432  99999  99999    215      4
      6    145  28651  99999  99999    240     15
      5    137  29011   -477   -797  99999  99999
      6    132  29260  99999  99999    255     16
      6    126  29565  99999  99999    285     17
      5    124  29673   -435   -795  99999  99999
      6    120  29870  99999  99999    275     15
      6    115  30176  99999  99999    240     14
      6    110  30480  99999  99999    255     14
      6    105  30784  99999  99999    265     13
      5    104  30854   -429   -789  99999  99999
      6    101  31089  99999  99999    245     18
      4    100  31130   -417   -787    245     18
      6     96  31394  99999  99999    230     17
      5     93  31626   -371   -771  99999  99999
      6     88  32004  99999  99999    250     15
      5     81  32582   -347   -767  99999  99999
      6     80  32613  99999  99999    245     10
      6     77  32918  99999  99999    215      2
      5     76  33026   -351   -761  99999  99999
    254     12     19      MAY    2020
      1  13889  72206  30.43N 81.70W    10   1101
      2    100   4999    773    149  99999      3
      3           JAX                   52     kt
      9  10090     10    198    186    215      1
      4  10000     86    202    183    215      9
      5   9970    112    204    185  99999  99999
      6   9749    304  99999  99999    225     22
      5   9590    445    200    189  99999  99999
      6   9408    609  99999  99999    240     33
      5   9320    689    186    171  99999  99999
      4   9250    760    184    162    245     29
      5   9200    806    182    150  99999  99999
      5   9150    852    178    159  99999  99999
      6   9083    914  99999  99999    230     28
      5   9000    992    170    147  99999  99999
      5   8830   1153    164    114  99999  99999
      6   8761   1219  99999  99999    225     27
      5   8760   1220    164     74  99999  99999
      5   8600   1376    152     62  99999  99999
      5   8520   1455    142     82  99999  99999
      4   8500   1482    144     84    220     29
      5   8440   1541    144     44  99999  99999
      5   8360   1621    136     56  99999  99999
      6   8156   1828  99999  99999    220     26
      5   8150   1834    132     22  99999  99999
      5   7920   2073    118     28  99999  99999
      6   7863   2133  99999  99999    240     22
      5   7760   2243    112     62  99999  99999
      5   7670   2340    104     73  99999  99999
      6   7579   2438  99999  99999    240     24
      5   7450   2580     86     66  99999  99999
      5   7390   2647     84     41  99999  99999
      5   7330   2714     86     -4  99999  99999
      6   7304   2743  99999  99999    240     31
      5   7290   2759     82      2  99999  99999
      5   7260   2793     76     46  99999  99999
      5   7240   2816     74     53  99999  99999
      5   7030   3056     58     32  99999  99999
      4   7000   3100     54     35    245     28
      5   6970   3135     50     36  99999  99999
      5   6760   3383     42     20  99999  99999
      6   6534   3657  99999  99999    235     20
      5   6330   3912      4    -28  99999  99999
      5   6090   4220    -17    -24  99999  99999
      6   6054   4267  99999  99999    260     15
      5   6020   4312    -19    -41  99999  99999
      5   5970   4378    -13    -93  99999  99999
      5   5910   4458      8   -272  99999  99999
      5   5870   4512     14   -476  99999  99999
      6   5826   4572  99999  99999    300     25
      6   5608   4876  99999  99999    300     27
      4   5000   5790    -81   -531    300     39
      6   4999   5791  99999  99999    300     40
      6   4802   6096  99999  99999    295     36
      6   4613   6400  99999  99999    295     34
      5   4100   7291   -203   -513  99999  99999
      6   4086   7315  99999  99999    310     25
      4   4000   7470   -213   -573    310     25
      5   3950   7562   -217   -577  99999  99999
      6   3918   7620  99999  99999    300     28
      6   3756   7924  99999  99999    295     33
      5   3310   8832   -325   -605  99999  99999
      6   3307   8839  99999  99999    305     30
      6   3165   9144  99999  99999    300     27
      5   3090   9312   -355   -645  99999  99999
      4   3000   9530   -375   -645    295     28
      5   2880   9809   -399   -649  99999  99999
      5   2780  10049   -419   -669  99999  99999
      6   2776  10058  99999  99999    275     28
      5   2690  10271   -423   -663  99999  99999
      5   2550  10629   -457   -687  99999  99999
      6   2535  10668  99999  99999    275     36
      4   2500  10760   -461   -701    275     36
      5   2430  10948   -465   -705  99999  99999
      5   2330  11226   -489   -709  99999  99999
      6   2206  11582  99999  99999    275     25
      5   2180  11660   -501   -731  99999  99999
      6   2009  12192  99999  99999    280     33
      4   2000  12220   -537   -747    275     30
      6   1824  12801  99999  99999    240     34
      5   1760  13028   -595   -785  99999  99999
      7   1720  13171   -599   -789    250     38
      5   1690  13282   -581   -791  99999  99999
      6   1656  13411  99999  99999    255     36
      5   1580  13704   -583   -843  99999  99999
      6   1577  13716  99999  99999    240     32
      5   1550  13824   -575   -855  99999  99999
      6   1502  14020  99999  99999    255     40
      4   1500  14030   -591   -881    255     40
      5   1460  14199   -589   -889  99999  99999
      6   1234  15240  99999  99999    250     32
      5   1220  15313   -625   -925  99999  99999
      5   1130  15787   -603   -913  99999  99999
      5   1070  16124   -629   -929  99999  99999
      5   1030  16358   -633   -933  99999  99999
      4   1000  16550   -647   -947    250     26
      5    857  17483   -673   -953  99999  99999
      5    773  18097   -715   -975  99999  99999
      7    773  18097   -715   -975    310     23
      5    758  18213   -697   -957  99999  99999
      6    748  18288  99999  99999    305     17
      5    725  18477   -707   -957  99999  99999
      4    700  18690   -687   -947    335     15
      5    657  19072   -645   -935  99999  99999
      5    600  19622   -669   -959  99999  99999
      5    558  20061   -651   -941  99999  99999
      6    553  20116  99999  99999      0      0
      5    549  20160   -633   -933  99999  99999
      5    502  20707   -643   -943  99999  99999
      4    500  20740   -641   -941    140      5
      6    454  21336  99999  99999     40      6
      5    446  21441   -623   -923  99999  99999
      5    438  21553   -603   -913  99999  99999
      6    411  21945  99999  99999     25     10
      5    401  22099   -623   -923  99999  99999
      5    388  22303   -609   -919  99999  99999
      6    373  22555  99999  99999     85     15
      5    353  22889   -611   -921  99999  99999
      6    338  23164  99999  99999     60     15
      6    322  23469  99999  99999     95     19
      5    306  23783   -567   -887  99999  99999
      4    300  23910   -569   -889     95     15
      6    292  24079  99999  99999    110     14
      5    280  24344   -587   -897  99999  99999
      6    278  24384  99999  99999     80     14
      5    232  25534   -541   -871  99999  99999
      5    202  26418   -549   -869  99999  99999
      4    200  26490   -543   -873      5      3
      6    199  26517  99999  99999     25      3
      6    190  26822  99999  99999     35     11
      5    189  26855   -505   -845  99999  99999
      6    181  27127  99999  99999     95     12
      6    173  27432  99999  99999     80      7
      5    171  27507   -499   -839  99999  99999
      6    158  28041  99999  99999    225     12
      5    153  28237   -469   -819  99999  99999
      5    142  28729   -477   -827  99999  99999
      6    137  28956  99999  99999    255     11
      6    125  29565  99999  99999    310     17
      5    122  29733   -455   -805  99999  99999
      5    111  30366   -421   -781  99999  99999
      6    109  30480  99999  99999     30      8
      6    104  30784  99999  99999     45      1
      5    103  30871   -415   -775  99999  99999
      4    100  31090   -397   -767     15      8
      5     91  31740   -343   -733  99999  99999
      6     88  32004  99999  99999    165     19
      5     82  32465   -349   -739  99999  99999
    254     12     19      MAY    2020
      1  93805  72214  30.45N 84.30W    52   1112
      2    100   3174    736    134  99999      3
      3           TLH                99999     kt
      9  10030     52    212    197    280      5
      5  10020     61    212    180  99999  99999
      4  10000     82    210    177    270      7
      6   9745    304  99999  99999    290     13
      5   9720    326    202    160  99999  99999
      6   9403    609  99999  99999    325     11
      5   9360    648    178    152  99999  99999
      4   9250    754    176    128    305      8
      5   9230    772    178    128  99999  99999
      5   9100    892    176    135  99999  99999
      6   9076    914  99999  99999    275     11
      6   8754   1219  99999  99999    260     16
      5   8740   1233    152    134  99999  99999
      4   8500   1476    140    121    250     17
      6   8146   1828  99999  99999    265     22
      6   7852   2133  99999  99999    260     17
      6   7568   2438  99999  99999    255     19
      5   7480   2535     76     62  99999  99999
      5   7350   2679     78     42  99999  99999
      6   7293   2743  99999  99999    245     20
      5   7040   3031     48     20  99999  99999
      6   7028   3048  99999  99999    240     21
      4   7000   3089     48      5    250     21
      5   6960   3136     50    -20  99999  99999
      5   6910   3195     74   -196  99999  99999
      5   6890   3219     82   -358  99999  99999
      5   6810   3315     88   -402  99999  99999
      6   6779   3352  99999  99999    295     17
      6   6532   3657  99999  99999    315     22
      5   6360   3876     68   -422  99999  99999
      6   6293   3962  99999  99999    320     34
      6   6060   4267  99999  99999    310     35
      6   5836   4572  99999  99999    300     40
      5   5830   4581     20   -410  99999  99999
      6   5618   4876  99999  99999    300     33
      5   5420   5161    -35   -305  99999  99999
      5   5130   5592    -61   -381  99999  99999
      6   5006   5791  99999  99999    270     35
      4   5000   5800    -79   -369    270     35
      6   4811   6096  99999  99999    275     31
      5   4750   6195   -113   -413  99999  99999
      6   4440   6705  99999  99999    290     28
      6   4265   7010  99999  99999    315     31
      5   4230   7072   -171   -611  99999  99999
      4   4000   7490   -209   -639    315     32
      6   3930   7620  99999  99999    320     34
      5   3800   7865   -243   -663  99999  99999
      6   3769   7924  99999  99999    320     39
      5   3600   8256   -273   -523  99999  99999
      5   3480   8498   -291   -671  99999  99999
      6   3174   9144  99999  99999    315     50
      4   3000   9540   -385   -725    310     43
      5   2880   9818   -411   -701  99999  99999
      6   2538  10668  99999  99999    310     40
      4   2500  10770   -481   -741    300     39
      5   2480  10823   -485   -725  99999  99999
      6   2424  10972  99999  99999    290     34
      5   2340  11203   -497   -827  99999  99999
      6   2207  11582  99999  99999    295     49
      5   2180  11661   -535   -845  99999  99999
      5   2070  11993   -537   -867  99999  99999
      6   2006  12192  99999  99999    300     28
      4   2000  12210   -551   -871    290     27
      7   1840  12736   -593   -823    285     34
      6   1822  12801  99999  99999    285     34
      5   1790  12912   -577   -827  99999  99999
      5   1740  13090   -581   -901  99999  99999
      5   1720  13163   -571   -891  99999  99999
      5   1680  13311   -581   -901  99999  99999
      6   1653  13411  99999  99999    255     17
      5   1650  13424   -577   -897  99999  99999
      4   1500  14020   -613   -923    245     39
      5   1490  14061   -615   -925  99999  99999
      5   1390  14491   -605   -915  99999  99999
      5   1370  14581   -593   -903  99999  99999
      6   1359  14630  99999  99999    255     44
      5   1320  14813   -603   -913  99999  99999
      5   1280  15005   -597   -907  99999  99999
      6   1232  15240  99999  99999    265     31
      5   1210  15354   -617   -917  99999  99999
      5   1180  15510   -599   -909  99999  99999
      5   1130  15779   -607   -917  99999  99999
      5   1070  16118   -605   -915  99999  99999
      4   1000  16540   -623   -923    245     26
      6    748  18288  99999  99999    300      6
      5    736  18382   -724  99999  99999  99999
      7    736  18382   -724  99999    315      7
      4    700  18690   -695   -975    360     11
      6    676  18897  99999  99999     15     13
      5    669  18963   -641   -941  99999  99999
      6    643  19202  99999  99999     85     16
      6    611  19507  99999  99999     95     12
      6    581  19812  99999  99999    235     14
      5    580  19826   -681   -971  99999  99999
      6    526  20421  99999  99999      0      0
      5    519  20501   -621   -921  99999  99999
      4    500  20740   -633   -933     95      7
      5    457  21290   -643   -943  99999  99999
      6    454  21336  99999  99999     30     11
      6    432  21640  99999  99999     85     11
      5    415  21881   -623   -923  99999  99999
      5    395  22185   -631   -931  99999  99999
      6    391  22250  99999  99999     45     11
      6    372  22555  99999  99999     65     23
      5    364  22691   -595   -905  99999  99999
      6    354  22860  99999  99999     85     15
      5    345  23026   -603   -913  99999  99999
      6    337  23164  99999  99999     60     14
      6    321  23469  99999  99999     60     18
      4    300  23900   -577   -897     85     16
      5    278  24381   -561   -881  99999  99999
      6    278  24384  99999  99999     75     10
      6    230  25603  99999  99999     85      2
      4    200  26480   -543   -873     30      8
      5    199  26512   -541   -871  99999  99999
      5    179  27195   -503   -843  99999  99999
      6    173  27432  99999  99999    115      9
      5    169  27568   -511   -851  99999  99999
      6    165  27736  99999  99999    120     12
      5    161  27884   -483   -823  99999  99999
      5    139  28853   -461   -811  99999  99999
      5    129  29347   -469   -819  99999  99999
      6    119  29870  99999  99999    275     15
      6    109  30480  99999  99999    315     14
      5    107  30589   -445   -805  99999  99999
      4    100  31060   -421   -781    320      3
      5     98  31197   -413   -783  99999  99999
      5     83  32328   -387   -757  99999  99999
      6     76  32918  99999  99999    200      5
      5     74  33122   -339   -729  99999  99999
    254     12     19      MAY    2020
      1  53813  72233  30.33N 89.82W     8   1101
      2    100   1575   1940    142  99999      3
      3           SIL                   52     kt
      9  10100      8    164    158      0      0
      5  10040     59    216    198  99999  99999
      5  10010     85    232    199  99999  99999
      4  10000     92    234    198    245      6
      5   9890    188    234    144  99999  99999
      6   9758    304  99999  99999    290     11
      5   9750    311    234    144  99999  99999
      6   9423    609  99999  99999    295     12
      4   9250    771    198    118    305     15
      6   9095    914  99999  99999    310     13
      6   8773   1219  99999  99999    305     16
      5   8530   1457    138     97  99999  99999
      4   8500   1492    136     86    305     20
      5   8370   1621    136     36  99999  99999
      5   8290   1701    140     30  99999  99999
      5   8240   1752    140     70  99999  99999
      5   8190   1803    146    -24  99999  99999
      6   8166   1828  99999  99999    320     30
      5   8130   1865    142     52  99999  99999
      5   8080   1917    144     34  99999  99999
      5   8020   1980    138     78  99999  99999
      5   7930   2076    138     38  99999  99999
      6   7875   2133  99999  99999    320     36
      5   7850   2160    130     84  99999  99999
      5   7720   2299    122     74  99999  99999
      5   7670   2353    122     52  99999  99999
      5   7620   2407    120     60  99999  99999
      6   7592   2438  99999  99999    325     38
      5   7550   2484    122     12  99999  99999
      5   7460   2584    118    -22  99999  99999
      6   7319   2743  99999  99999    330     38
      5   7240   2834    132   -248  99999  99999
      5   7150   2938    126   -274  99999  99999
      4   7000   3123    112   -148    335     39
      5   6950   3182    106   -124  99999  99999
      6   6808   3352  99999  99999    335     39
      5   6750   3423     88   -112  99999  99999
      6   6558   3657  99999  99999    335     34
      6   6081   4267  99999  99999    315     26
      5   5750   4720    -11   -201  99999  99999
      6   5638   4876  99999  99999    330     28
      5   5460   5130    -31   -241  99999  99999
      6   5425   5181  99999  99999    305     26
      5   5300   5363    -55   -255  99999  99999
      5   5180   5542    -59   -339  99999  99999
      6   5024   5791  99999  99999    305     27
      4   5000   5830    -81   -341    305     27
      6   4829   6096  99999  99999    320     26
      5   4550   6552   -141   -371  99999  99999
      5   4290   6995   -161   -481  99999  99999
      6   4281   7010  99999  99999    325     35
      4   4000   7520   -201   -531    315     30
      6   3944   7620  99999  99999    310     30
      6   3623   8229  99999  99999    300     31
      6   3327   8839  99999  99999    315     29
      6   3188   9144  99999  99999    315     29
      5   3080   9390   -361   -571  99999  99999
      4   3000   9580   -375   -585    310     28
      5   2540  10704   -465   -655  99999  99999
      4   2500  10810   -475   -665    305     26
      6   2438  10972  99999  99999    305     25
      5   2180  11696   -557   -667  99999  99999
      5   2070  12023   -581   -701  99999  99999
      6   2015  12192  99999  99999    320     35
      4   2000  12240   -599   -699    320     35
      7   1940  12429   -617   -707    315     36
      6   1919  12496  99999  99999    300     40
      5   1870  12657   -615   -705  99999  99999
      5   1800  12892   -625   -725  99999  99999
      5   1780  12961   -615   -725  99999  99999
      6   1739  13106  99999  99999    295     38
      5   1690  13281   -621   -741  99999  99999
      6   1575  13716  99999  99999    320     47
      5   1530  13897   -601   -791  99999  99999
      4   1500  14020   -605   -815    310     33
      5   1490  14062   -607   -817  99999  99999
      6   1428  14326  99999  99999    300     18
      5   1420  14362   -579   -819  99999  99999
      6   1360  14630  99999  99999    245     17
      6   1295  14935  99999  99999    235     18
      5   1250  15154   -631   -861  99999  99999
      6   1233  15240  99999  99999    270     29
      5   1220  15303   -621   -861  99999  99999
      5   1150  15666   -639   -869  99999  99999
      5   1110  15883   -625   -865  99999  99999
      5   1080  16051   -641   -871  99999  99999
      6   1062  16154  99999  99999    265     39
      4   1000  16530   -653   -883    290     29
      5    913  17084   -639   -879  99999  99999
      6    871  17373  99999  99999    285     27
      6    828  17678  99999  99999    310     10
      6    787  17983  99999  99999    265      3
      5    772  18102   -667   -897  99999  99999
      6    749  18288  99999  99999    235      2
      4    700  18700   -671   -901    285      2
      5    680  18874   -673   -903  99999  99999
      5    670  18963   -661   -901  99999  99999
      5    622  19409   -691   -911  99999  99999
      6    612  19507  99999  99999    110     18
      5    597  19653   -694   -914  99999  99999
      6    581  19812  99999  99999    155     10
      5    574  19889   -655   -895  99999  99999
      4    500  20730   -663   -903    355      7
      5    494  20803   -663   -903  99999  99999
      6    453  21336  99999  99999    110     15
      6    410  21945  99999  99999     75      4
      5    406  22006   -601   -871  99999  99999
      6    390  22250  99999  99999     25     11
      6    372  22555  99999  99999     60     23
      5    363  22704   -593   -873  99999  99999
      6    354  22860  99999  99999     70     22
      5    347  22985   -605   -875  99999  99999
      6    337  23164  99999  99999     55     18
      5    333  23242   -581   -861  99999  99999
      5    318  23531   -591   -871  99999  99999
      6    306  23774  99999  99999     60     28
      5    303  23834   -573   -853  99999  99999
      4    300  23900   -575   -855     85     26
      6    292  24079  99999  99999    105     22
      6    278  24384  99999  99999    110     17
      6    252  24993  99999  99999    140     13
      5    251  25026   -569   -849  99999  99999
      6    241  25298  99999  99999    115      2
      5    202  26413   -517   -817  99999  99999
      4    200  26490   -519   -819    360      9
      6    190  26822  99999  99999     30     11
      5    187  26923   -529   -829  99999  99999
      6    173  27432  99999  99999     55     11
      5    156  28100   -485   -805  99999  99999
      5    134  29100   -471   -791  99999  99999
      5    129  29352   -447   -777  99999  99999
      6    125  29565  99999  99999    215     13
      6    114  30176  99999  99999    240     13
      6    109  30480  99999  99999    255     13
      5    104  30807   -391   -751  99999  99999
      4    100  31080   -389   -749    340     18
      6     91  31699  99999  99999    230      1
      5     85  32192   -387   -747  99999  99999
    254     12     19      MAY    2020
      1   3990  72249  32.80N 97.30W   196   1106
      2     70   1066   1700    154  99999      3
      3           FWD                99999     kt
      9   9860    196    220    190     40      5
      4  10000     70  99999  99999  99999  99999
      5   9830    222    222    173  99999  99999
      5   9530    490    232    162  99999  99999
      6   9401    609  99999  99999    225     12
      5   9350    656    250    140  99999  99999
      4   9250    754    248    138    250     16
      5   9100    896    246    136  99999  99999
      6   9081    914  99999  99999    260     29
      5   8940   1051    258    118  99999  99999
      5   8820   1169    256    106  99999  99999
      6   8770   1219  99999  99999    265     24
      4   8500   1496    234     84    260     18
      5   8410   1588    228     78  99999  99999
      5   8310   1691    226     26  99999  99999
      5   8210   1795    218     28  99999  99999
      6   8178   1828  99999  99999    250     14
      6   7891   2133  99999  99999    235     14
      6   7613   2438  99999  99999    260     13
      5   7550   2509    152     62  99999  99999
      6   7342   2743  99999  99999    270     14
      5   7240   2861    128     48  99999  99999
      5   7170   2942    124     54  99999  99999
      5   7100   3024    128     -2  99999  99999
      6   7081   3048  99999  99999    305     15
      4   7000   3153    122    -38    295     14
      6   6834   3352  99999  99999    295     11
      5   6830   3357    112    -88  99999  99999
      6   6585   3657  99999  99999    315     15
      6   6345   3962  99999  99999    350     20
      5   6270   4060     54   -136  99999  99999
      6   6110   4267  99999  99999    350     23
      6   5663   4876  99999  99999    355     37
      5   5630   4923    -25   -135  99999  99999
      5   5520   5079    -39   -159  99999  99999
      5   5480   5136    -41   -191  99999  99999
      5   5050   5772    -95   -235  99999  99999
      6   5038   5791  99999  99999    355     18
      5   5010   5833    -99   -249  99999  99999
      4   5000   5860    -97   -267    340     15
      5   4980   5891    -95   -325  99999  99999
      5   4970   5906    -97   -307  99999  99999
      5   4940   5953    -99   -249  99999  99999
      5   4900   6015   -105   -245  99999  99999
      6   4848   6096  99999  99999    330     14
      5   4710   6317   -125   -335  99999  99999
      6   4659   6400  99999  99999    320     14
      5   4560   6563   -141   -291  99999  99999
      5   4500   6663   -147   -327  99999  99999
      5   4440   6764   -153   -303  99999  99999
      5   4340   6935   -165   -305  99999  99999
      5   4210   7162   -185   -365  99999  99999
      5   4130   7304   -195   -345  99999  99999
      5   4050   7449   -205   -405  99999  99999
      4   4000   7550   -211   -401    335     15
      6   3962   7620  99999  99999    330     17
      5   3890   7754   -231   -401  99999  99999
      5   3860   7811   -231   -361  99999  99999
      6   3800   7924  99999  99999    345     16
      5   3490   8539   -281   -461  99999  99999
      5   3210   9131   -337   -497  99999  99999
      6   3204   9144  99999  99999    315     20
      5   3090   9397   -353   -573  99999  99999
      4   3000   9600   -371   -561    300     17
      5   2860   9927   -403   -563  99999  99999
      6   2805  10058  99999  99999    285     20
      5   2720  10267   -427   -677  99999  99999
      6   2562  10668  99999  99999    305     17
      5   2540  10726   -457   -627  99999  99999
      4   2500  10840   -463   -663    290     14
      5   2480  10893   -467   -697  99999  99999
      6   2450  10972  99999  99999    265     17
      6   2229  11582  99999  99999    240     24
      6   2027  12192  99999  99999    245     19
      4   2000  12280   -581   -761    250     18
      5   1810  12902   -617   -727  99999  99999
      5   1760  13076   -611   -731  99999  99999
      7   1700  13289   -627   -757    325     26
      5   1670  13400   -615   -765  99999  99999
      6   1667  13411  99999  99999    325     26
      5   1620  13588   -603   -803  99999  99999
      6   1587  13716  99999  99999    290     29
      4   1500  14070   -625   -915    300     32
      5   1470  14194   -629   -919  99999  99999
      6   1439  14326  99999  99999    315     31
      5   1430  14364   -619   -919  99999  99999
      5   1400  14494   -629   -929  99999  99999
      5   1330  14809   -631   -931  99999  99999
      6   1303  14935  99999  99999    305     35
      5   1280  15043   -643   -943  99999  99999
      6   1239  15240  99999  99999    305     26
      6   1179  15544  99999  99999    290     24
      5   1120  15854   -659   -949  99999  99999
      5   1070  16130   -663   -953  99999  99999
      6   1066  16154  99999  99999    295     41
      5   1040  16302   -651   -951  99999  99999
      4   1000  16550   -651   -951    320     25
      5    929  16994   -679   -969  99999  99999
      5    818  17757   -677   -967  99999  99999
      5    785  18005   -657   -947  99999  99999
      6    749  18288  99999  99999    270     12
      5    724  18493   -675   -965  99999  99999
      4    700  18700   -657   -947    300     19
      6    678  18897  99999  99999    305     21
      5    648  19172   -621   -921  99999  99999
      6    613  19507  99999  99999     45     17
      6    584  19812  99999  99999    110     19
      5    571  19946   -649   -949  99999  99999
      6    555  20116  99999  99999    140     16
      5    510  20633   -647   -947  99999  99999
      6    503  20726  99999  99999    110     17
      4    500  20760   -635   -935    110     14
      6    455  21336  99999  99999    130     10
      5    451  21396   -607   -917  99999  99999
      6    413  21945  99999  99999     40      5
      5    404  22078   -611   -921  99999  99999
      6    374  22555  99999  99999     65     15
      6    356  22860  99999  99999     45     14
      5    344  23083   -571   -891  99999  99999
      6    324  23469  99999  99999    125     16
      6    308  23774  99999  99999     70     11
      4    300  23950   -563   -883     80     10
      6    280  24384  99999  99999     75     12
      5    263  24782   -569   -889  99999  99999
      6    254  24993  99999  99999     95     11
      6    243  25298  99999  99999     75     12
      6    231  25603  99999  99999    105     12
      5    213  26127   -525   -855  99999  99999
      6    210  26212  99999  99999     60     13
      4    200  26540   -535   -865     70     14
      5    193  26768   -543   -873  99999  99999
      5    186  27005   -529   -859  99999  99999
      5    177  27324   -535   -865  99999  99999
      6    174  27432  99999  99999     90     21
      6    159  28041  99999  99999    120     12
      6    144  28651  99999  99999    135      2
      5    139  28899   -465   -815  99999  99999
      5    121  29818   -461   -811  99999  99999
      6    110  30480  99999  99999    325      8
      5    104  30829   -429   -789  99999  99999
      4    100  31110   -415   -775    360      7
      5     92  31679   -377   -757  99999  99999
      6     81  32613  99999  99999    300     12
      5     80  32639   -381   -761  99999  99999
      5     76  32992   -365   -745  99999  99999
      6     74  33223  99999  99999    320     18
      6     71  33528  99999  99999    350      8
      4     70  33560   -367   -747    355      8
      6     67  33832  99999  99999      5      9
      5     65  34073   -359   -739  99999  99999
    254     12     19      MAY    2020
      1  12919  72250  25.90N 97.43W     7   1106
      2    100   2043   1030    131  99999      3
      3           BRO                   52     kt
      9  10090      7    254    231    185      9
      4  10000     90    252    239    175     15
      6   9757    304  99999  99999    175     25
      5   9720    337    238    226  99999  99999
      6   9418    609  99999  99999    185     29
      5   9380    644    212    209  99999  99999
      5   9270    745    218    192  99999  99999
      4   9250    774    224    186    180     25
      5   9210    811    236    166  99999  99999
      5   9150    868    240    150  99999  99999
      6   9102    914  99999  99999    165     23
      5   9020    992    238    118  99999  99999
      5   8960   1050    244     74  99999  99999
      6   8788   1219  99999  99999    170     21
      5   8700   1306    244    -26  99999  99999
      4   8500   1512    228    -42    170     15
      5   8390   1624    220    -40  99999  99999
      5   8270   1748    216   -134  99999  99999
      5   8200   1821    208    -42  99999  99999
      6   8193   1828  99999  99999    165     17
      5   7980   2054    188      8  99999  99999
      6   7906   2133  99999  99999    165     13
      5   7680   2379    162      2  99999  99999
      6   7626   2438  99999  99999    130      8
      6   7354   2743  99999  99999    135      4
      5   7180   2944    126    -74  99999  99999
      6   7095   3048  99999  99999    100      3
      4   7000   3165    108    -82     60      5
      5   6690   3539     78    -92  99999  99999
      6   6594   3657  99999  99999    335     10
      5   6490   3788     76   -154  99999  99999
      5   6320   4005     64   -166  99999  99999
      6   6116   4267  99999  99999    315     17
      6   5888   4572  99999  99999    310     19
      6   5668   4876  99999  99999    335     17
      6   5252   5486  99999  99999    340     11
      6   5056   5791  99999  99999    315     11
      4   5000   5880    -83   -253    320     10
      5   4940   5973    -91   -261  99999  99999
      6   4862   6096  99999  99999    325     10
      5   4800   6194   -103   -313  99999  99999
      6   4671   6400  99999  99999    305     11
      6   4137   7315  99999  99999    315     15
      4   4000   7570   -205   -475    295     14
      6   3973   7620  99999  99999    295     14
      5   3960   7644   -209   -489  99999  99999
      5   3580   8378   -271   -531  99999  99999
      6   3355   8839  99999  99999    295      7
      6   3214   9144  99999  99999    285     11
      5   3170   9242   -329   -629  99999  99999
      6   3079   9448  99999  99999    300     14
      4   3000   9630   -361   -651    290     17
      6   2817  10058  99999  99999    285     17
      5   2540  10760   -451   -671  99999  99999
      4   2500  10870   -457   -697    290     25
      5   2140  11891   -509   -719  99999  99999
      5   2100  12013   -509   -719  99999  99999
      5   2050  12169   -523   -723  99999  99999
      6   2043  12192  99999  99999    295     52
      4   2000  12330   -525   -735    300     50
      5   1910  12626   -535   -755  99999  99999
      5   1780  13076   -567   -787  99999  99999
      5   1630  13629   -585   -825  99999  99999
      4   1500  14150   -617   -827    290     41
      5   1330  14886   -655   -865  99999  99999
      5   1260  15212   -679   -879  99999  99999
      6   1254  15240  99999  99999    305     30
      5   1210  15454   -687   -877  99999  99999
      5   1160  15706   -687   -877  99999  99999
      5   1130  15862   -695   -895  99999  99999
      5   1100  16022   -689   -899  99999  99999
      7   1030  16412   -714   -934    275     22
      4   1000  16590   -714   -934    265     25
      5    874  17382   -721   -941  99999  99999
      5    835  17651   -704   -944  99999  99999
      5    776  18085   -704   -974  99999  99999
      6    750  18288  99999  99999    345      3
      5    724  18493   -727  99999  99999  99999
      4    700  18700   -717  99999    345      6
      5    694  18751   -715  99999  99999  99999
      5    664  19013   -683   -973  99999  99999
      5    613  19493   -663   -953  99999  99999
      6    612  19507  99999  99999    355      4
      6    582  19812  99999  99999     60     19
      6    553  20116  99999  99999     85     13
      5    543  20227   -655   -945  99999  99999
      5    526  20419   -671   -961  99999  99999
      6    526  20421  99999  99999     60     17
      4    500  20730   -665   -955     95     19
      5    491  20840   -667   -957  99999  99999
      6    476  21031  99999  99999    125     12
      6    453  21336  99999  99999     65     15
      6    431  21640  99999  99999     90     12
      5    422  21762   -627   -927  99999  99999
      6    410  21945  99999  99999     45     13
      5    398  22121   -641   -941  99999  99999
      6    390  22250  99999  99999     85     18
      6    371  22555  99999  99999    105     15
      6    353  22860  99999  99999    100     11
      5    336  23169   -585   -895  99999  99999
      6    320  23469  99999  99999     50     12
      5    307  23734   -589   -899  99999  99999
      4    300  23890   -579   -899     80     12
      6    291  24079  99999  99999    100     12
      5    286  24192   -557   -877  99999  99999
      6    278  24384  99999  99999     90     14
      6    265  24688  99999  99999    125     15
      5    258  24848   -545   -875  99999  99999
      6    252  24993  99999  99999    125     13
      5    244  25206   -523   -853  99999  99999
      6    219  25908  99999  99999    100     11
      5    201  26459   -513   -843  99999  99999
      4    200  26500   -511   -851    150      6
      6    199  26517  99999  99999    165      5
      5    187  26938   -493   -833  99999  99999
      6    173  27432  99999  99999    265     14
      5    164  27793   -507   -847  99999  99999
      5    149  28421   -469   -819  99999  99999
      5    139  28880   -469   -819  99999  99999
      5    127  29484   -415   -775  99999  99999
      5    118  29983   -401   -771  99999  99999
      5    112  30337   -419   -779  99999  99999
      6    110  30480  99999  99999    295      9
      5    104  30838   -417   -777  99999  99999
      4    100  31110   -409   -779    285     19
      6     92  31699  99999  99999    285     16
      5     90  31829   -381   -761  99999  99999
    254     12     19      MAY    2020
      1  99999  76526  22.75N102.51W  2265   1101
      2    300    975    667     45  99999      3
      3           999                99999     kt
      9   7790   2265    172      2    280      2
      4  10000     21  99999  99999  99999  99999
      4   9250    739  99999  99999  99999  99999
      4   8500   1497  99999  99999  99999  99999
      5   7700   2364    182     -8  99999  99999
      5   7220   2909    154    -46  99999  99999
      4   7000   3164    130    -50    310     11
      5   5080   5740    -89   -127  99999  99999
      5   5030   5817    -71   -251  99999  99999
      4   5000   5880    -73   -263     35      4
      5   4700   6358    -99   -319  99999  99999
      5   4240   7138   -175   -335  99999  99999
      5   4150   7299   -157   -497  99999  99999
      4   4000   7580   -173   -563    310     28
      5   3260   9080   -269   -549  99999  99999
      5   3240   9124   -269   -499  99999  99999
      4   3000   9670   -321   -451    290     40
      5   2720  10351   -385   -495  99999  99999
      5   2660  10504   -391   -581  99999  99999
      5   2540  10818   -419   -529  99999  99999
      4   2500  10930   -425   -545    280     54
      5   2380  11260   -443   -603  99999  99999
      5   2060  12213   -499   -699  99999  99999
      4   2000  12410   -517   -697    270     67
      8   1840  12934  99999  99999    270     69
      4   1500  14220   -657   -767    270     42
      5   1440  14466   -677   -767  99999  99999
      5   1250  15309   -704   -824  99999  99999
      7   1010  16553   -764   -864    275     24
      4   1000  16610   -765   -865    275     24
      5    975  16755   -767   -867  99999  99999
      5    829  17691   -745   -895  99999  99999
      5    777  18072   -689   -899  99999  99999
      4    700  18700   -727   -907    130     12
      5    667  18982   -741   -911  99999  99999
      7    667  18982   -741   -911    135      5
      5    565  19963   -675   -905  99999  99999
      4    500  20700   -671   -911     75     20
      5    487  20859   -667   -907  99999  99999
      4    300  23860   -577   -877    100     15
      5    240  25281   -525   -855  99999  99999
    254     12     19      MAY    2020
      1  99999  76595  21.03N 86.85W     5   1102
      2    200   1410    859     52  99999      3
      3           CUN                99999     kt
      9  10120      5    204    188     95      2
      5  10060     56    238    228  99999  99999
      4  10000    114    252    246    260      2
      5   9920    184    256    246  99999  99999
      5   9860    237    258    246  99999  99999
      4   9250    801    224    194    175     11
      4   8500   1534    190    120    175      5
      5   8240   1798    170    100  99999  99999
      5   8130   1912    176     36  99999  99999
      5   7750   2316    142     42  99999  99999
      5   7580   2502    140     20  99999  99999
      5   7060   3093     90    -20  99999  99999
      4   7000   3174     86    -34    265      4
      5   6900   3292     90   -110  99999  99999
      5   6490   3793     48   -152  99999  99999
      5   6390   3919     50   -320  99999  99999
      5   5690   4853     -1   -491  99999  99999
      5   5450   5195    -19   -479  99999  99999
      4   5000   5880    -77   -347    300      7
      5   4860   6099    -95   -305  99999  99999
      4   4000   7580   -187   -527    270     22
      5   3450   8662   -267   -577  99999  99999
      5   3410   8746   -263   -613  99999  99999
      4   3000   9650   -335   -605    265     43
      5   2640  10533   -399   -629  99999  99999
      4   2500  10910   -419   -649    250     59
      5   2180  11826   -463   -703  99999  99999
      4   2000  12390   -499   -739    255     86
      8   1890  12747  99999  99999    255     90
      4   1500  14210   -643   -783    255     75
      5   1410  14584   -675   -795  99999  99999
      5   1200  15544   -711   -841  99999  99999
      5   1120  15953   -694   -864  99999  99999
      4   1000  16630   -735   -875    280     28
      7    859  17508   -771   -891    265      3
      5    827  17734   -747   -887  99999  99999
      4    700  18690   -751   -911     95     11
      5    695  18731   -754   -914  99999  99999
      5    669  18955   -691   -911  99999  99999
      5    651  19118   -683   -913  99999  99999
      5    618  19428   -699   -909  99999  99999
      4    500  20710   -671   -911    100     12
      5    464  21162   -651   -901  99999  99999
      5    437  21526   -661   -911  99999  99999
      4    300  23860   -557   -867     80     12
      5    259  24802   -515   -855  99999  99999
      5    224  25741   -519   -839  99999  99999
      4    200  26480   -485   -835    135     24
    254     12     19      MAY    2020
      1  21001  76654  19.07N104.33W     3   1104
      2    300   2000   1160     58  99999      3
      3           999                99999     kt
      9  10110      3    222    194    360      2
      4  10000    102    220    207     30      2
      5   9800    276    208    204  99999  99999
      5   9610    445    226    166  99999  99999
      5   9560    490    248    108  99999  99999
      5   9430    609    252     72  99999  99999
      4   9250    783    252     42    310      9
      5   8880   1138    246    -74  99999  99999
      4   8500   1521    224     -6    295      8
      5   8150   1882    188     68  99999  99999
      5   7680   2386    166    -14  99999  99999
      4   7000   3174    122    -38    200     12
      5   6870   3330    106      6  99999  99999
      5   6750   3476    106   -154  99999  99999
      5   6660   3587     96    -44  99999  99999
      5   6500   3787     84   -126  99999  99999
      5   6090   4318     34    -16  99999  99999
      5   5830   4668      4    -66  99999  99999
      5   5710   4834      2   -208  99999  99999
      5   5450   5205    -17   -307  99999  99999
      5   5120   5697    -51   -281  99999  99999
      4   5000   5890    -63   -203    310     13
      5   4950   5968    -71   -201  99999  99999
      5   4250   7140   -129   -379  99999  99999
      5   4010   7578   -169   -389  99999  99999
      4   4000   7610   -169   -399    275     26
      5   3750   8091   -185   -545  99999  99999
      5   3660   8271   -195   -475  99999  99999
      5   3200   9249   -279   -449  99999  99999
      4   3000   9710   -309   -499    280     30
      5   2660  10551   -363   -573  99999  99999
      4   2500  10980   -399   -559    265     46
      5   2080  12204   -505   -595  99999  99999
      4   2000  12460   -529   -619    265     47
      5   1690  13524   -607   -747  99999  99999
      4   1500  14260   -657   -787    265     40
      7   1160  15778   -761   -831    275     26
      5   1100  16104   -735   -865  99999  99999
      4   1000  16640   -744   -864    275      9
      5    828  17726   -779   -909  99999  99999
      5    725  18488   -754   -914  99999  99999
      4    700  18700   -767   -907     70     17
      5    681  18858   -775   -915  99999  99999
      5    630  19311   -701   -911  99999  99999
      5    592  19680   -699   -919  99999  99999
      5    561  19998   -711   -921  99999  99999
      5    524  20406   -661   -931  99999  99999
      4    500  20690   -673   -933     65     24
      5    478  20960   -677   -937  99999  99999
      5    388  22224   -635   -945  99999  99999
      5    372  22485   -591   -941  99999  99999
      5    327  23297   -559   -919  99999  99999
      4    300  23860   -579   -929    100     32
      5    296  23944   -583   -933  99999  99999
    254     12     19      MAY    2020
      1  11629  78486  18.47N 69.88W    14   1102
      2  10150   1760   1150     95  99999      3
      3           SDQ                99999     kt
      9  10150     14    258    247      0      0
      5  10100     57    250    208  99999  99999
      5  10030    117    244    202  99999  99999
      4  10000    173    246    205    345      3
      6   9850    304  99999  99999     95      5
      6   9508    609  99999  99999    130     13
      5   9380    726    212    177  99999  99999
      4   9250    854    202    166    130     15
      6   9186    914  99999  99999    130     16
      6   8865   1219  99999  99999    125     18
      4   8500   1580    166    126    110     11
      6   8254   1828  99999  99999     95      9
      5   8180   1904    150    100  99999  99999
      5   8110   1976    150    100  99999  99999
      5   8050   2038    148     88  99999  99999
      6   7959   2133  99999  99999     70      3
      5   7930   2164    150     40  99999  99999
      6   7675   2438  99999  99999    360      3
      5   7560   2565    134    -26  99999  99999
      6   7400   2743  99999  99999    240      2
      5   7140   3040     92    -18  99999  99999
      4   7000   3215     88    -72    135      5
      6   6885   3352  99999  99999    125      5
      5   6800   3454     86   -144  99999  99999
      6   6633   3657  99999  99999    160      7
      5   6280   4103     38    -52  99999  99999
      6   6154   4267  99999  99999    120     17
      6   5926   4572  99999  99999    115     16
      5   5870   4648     26   -214  99999  99999
      6   5705   4876  99999  99999    130     14
      5   5580   5054      2   -178  99999  99999
      4   5000   5930    -57   -307    105      1
      6   4894   6096  99999  99999    175      1
      5   4740   6345    -87   -357  99999  99999
      6   4706   6400  99999  99999    260      7
      6   4522   6705  99999  99999    255      7
      6   4174   7315  99999  99999    315     14
      6   4011   7620  99999  99999    320     21
      4   4000   7640   -169   -289    325     22
      5   3600   8421   -217   -287  99999  99999
      6   3258   9144  99999  99999    300     29
      4   3000   9740   -311   -461    300     24
      5   2920   9930   -325   -475  99999  99999
      6   2626  10668  99999  99999    305     25
      4   2500  11010   -415   -515    305     32
      6   2401  11277  99999  99999    305     32
      4   2000  12480   -529   -609    285     61
      6   1995  12496  99999  99999    290     55
      8   1760  13278  99999  99999    290     64
      6   1723  13411  99999  99999    290     64
      4   1500  14280   -675   -735    295     61
      6   1274  15240  99999  99999    305     56
      5   1170  15739   -765   -807  99999  99999
      7   1150  15838   -769   -811    305     47
      5   1140  15888   -769   -811  99999  99999
      5   1090  16145   -774   -818  99999  99999
      5   1040  16416   -741   -790  99999  99999
      5   1020  16529   -747   -793  99999  99999
      4   1000  16640   -745   -791    320     27
      5    927  17081   -735   -780  99999  99999
      5    919  17132   -735   -779  99999  99999
      6    882  17373  99999  99999    315     23
      5    788  18024   -755   -855  99999  99999
      6    753  18288  99999  99999    345     15
      4    700  18720   -727   -857     40     13
      5    683  18864   -724   -854  99999  99999
      6    679  18897  99999  99999     60     11
      6    645  19202  99999  99999     20     15
      5    643  19217   -735   -875  99999  99999
      6    613  19507  99999  99999     75     11
      6    582  19812  99999  99999     80      5
      6    554  20116  99999  99999     55     15
      6    526  20421  99999  99999     90     26
      4    500  20730   -641   -831     95     12
      6    453  21336  99999  99999     40     10
      6    410  21945  99999  99999     70     13
      5    381  22403   -607   -847  99999  99999
      5    367  22635   -611   -851  99999  99999
      4    300  23900   -565   -835     85     23
      5    299  23921   -565   -835  99999  99999
      6    265  24688  99999  99999     65     24
      5    243  25246   -521   -791  99999  99999
      6    209  26212  99999  99999    105     33
      5    209  26216   -535   -795  99999  99999
      4    200  26500   -533   -793    100     34
      6    174  27432  99999  99999    120     35
      6    144  28651  99999  99999    100     26
      6    138  28956  99999  99999    100     23
      5    137  28998   -407   -707  99999  99999
      5    121  29844   -393   -623  99999  99999
      6    120  29870  99999  99999    100     31
    254     12     19      MAY    2020
      1  22536  91165  21.98N159.35W    36   1107
      2    100   1321   1500    136      7      3
      3           LIH                   11     kt
      9  10160     36    240    203     50      7
      5  10140     53    244    201  99999  99999
      4  10000    171    234    189     65      9
      6   9846    304  99999  99999     70     12
      6   9502    609  99999  99999     55     12
      5   9310    784    180    163  99999  99999
      4   9250    846    178    161     70     10
      6   9176    914  99999  99999     70     10
      6   8854   1219  99999  99999     55     13
      6   8542   1524  99999  99999     80     10
      4   8500   1566    134    122     80     10
      5   8430   1635    132    125  99999  99999
      6   8237   1828  99999  99999     70     10
      5   8030   2040    110     91  99999  99999
      5   7940   2133    102     22  99999  99999
      6   7940   2133  99999  99999     55     12
      5   7870   2207    130     30  99999  99999
      6   7657   2438  99999  99999     60     11
      6   7383   2743  99999  99999     70     11
      4   7000   3191    100    -90     80     11
      5   6970   3227    100   -110  99999  99999
      6   6612   3657  99999  99999     90     11
      6   6136   4267  99999  99999     90     16
      5   6120   4288     24   -176  99999  99999
      6   5908   4572  99999  99999     55     11
      5   5780   4748     28   -362  99999  99999
      6   5688   4876  99999  99999     70      3
      6   5475   5181  99999  99999     90      3
      6   5269   5486  99999  99999     60      7
      5   5230   5546    -23   -423  99999  99999
      6   5074   5791  99999  99999     75      6
      4   5000   5910    -51   -371     95      3
      6   4881   6096  99999  99999    145      2
      6   4693   6400  99999  99999    235      1
      6   4511   6705  99999  99999    230      1
      5   4490   6741   -119   -399  99999  99999
      6   4333   7010  99999  99999    275      4
      5   4290   7086   -151   -321  99999  99999
      5   4140   7353   -171   -401  99999  99999
      4   4000   7610   -191   -331    265      6
      6   3995   7620  99999  99999    265      6
      5   3960   7684   -197   -337  99999  99999
      6   3831   7924  99999  99999    260      7
      6   3673   8229  99999  99999    235      9
      6   3522   8534  99999  99999    245      8
      5   3430   8726   -299   -328  99999  99999
      5   3420   8747   -299   -327  99999  99999
      5   3400   8789   -291   -401  99999  99999
      6   3376   8839  99999  99999    315      5
      5   3360   8873   -291   -481  99999  99999
      5   3350   8894   -293   -493  99999  99999
      6   3234   9144  99999  99999    360      9
      6   3099   9448  99999  99999    345      9
      4   3000   9680   -349   -569    345     12
      6   2713  10363  99999  99999    350     13
      6   2594  10668  99999  99999    345     14
      4   2500  10920   -453   -633    340     18
      6   2260  11582  99999  99999    325     14
      5   2230  11671   -511   -701  99999  99999
      6   2059  12192  99999  99999    345     18
      4   2000  12380   -561   -741    345     17
      6   1869  12801  99999  99999    340     13
      6   1780  13106  99999  99999    300     13
      6   1695  13411  99999  99999    285     18
      5   1660  13541   -635   -785  99999  99999
      4   1500  14170   -661   -871    280     17
      5   1350  14806   -669   -819  99999  99999
      6   1321  14935  99999  99999    270     31
      6   1256  15240  99999  99999    260     26
      5   1200  15517   -661   -861  99999  99999
      6   1195  15544  99999  99999    260     30
      6   1079  16154  99999  99999    280     31
      6   1025  16459  99999  99999    265     18
      5   1010  16547   -711   -871  99999  99999
      4   1000  16600   -714   -874    255     21
      6    972  16764  99999  99999    245     25
      5    959  16846   -724   -874  99999  99999
      6    924  17068  99999  99999    275     20
      5    908  17169   -697   -867  99999  99999
      6    877  17373  99999  99999    220      7
      6    833  17678  99999  99999    210     15
      6    791  17983  99999  99999    235     22
      5    787  18014   -719   -869  99999  99999
      6    751  18288  99999  99999    235     18
      6    714  18592  99999  99999    220     12
      5    711  18614   -697   -877  99999  99999
      4    700  18720   -701   -871    235     11
      6    680  18897  99999  99999    240     11
      6    646  19202  99999  99999    350      6
      6    613  19507  99999  99999    345      4
      6    583  19812  99999  99999     55     11
      6    554  20116  99999  99999     80     16
      5    535  20322   -681   -871  99999  99999
      6    526  20421  99999  99999     70     14
      6    501  20726  99999  99999     80     19
      4    500  20740   -661   -871     85     19
      6    477  21031  99999  99999    100     18
      5    456  21303   -613   -873  99999  99999
      6    454  21336  99999  99999     85     18
      6    432  21640  99999  99999    100     13
      6    411  21945  99999  99999     80     17
      6    391  22250  99999  99999     95     28
      5    360  22763   -621   -871  99999  99999
      6    354  22860  99999  99999     95     17
      6    338  23164  99999  99999     75     21
      4    300  23910   -567   -877    105     25
      6    292  24079  99999  99999    105     25
      5    271  24559   -523   -873  99999  99999
      6    242  25298  99999  99999    100     31
      5    232  25559   -533   -873  99999  99999
      6    201  26517  99999  99999    100     13
      4    200  26530   -483   -863     90     12
      5    195  26697   -467   -867  99999  99999
      6    183  27127  99999  99999     45     18
      6    175  27432  99999  99999     55     17
      6    159  28041  99999  99999     85     17
      6    152  28346  99999  99999     85     11
      5    136  29085   -457   -857  99999  99999
      6    127  29565  99999  99999    105     14
      6    116  30176  99999  99999     75     19
      6    110  30480  99999  99999     55     19
      6    106  30784  99999  99999     40     21
      5    104  30884   -413   -853  99999  99999
      6    101  31089  99999  99999     70     15
      4    100  31160   -403   -853     70     15
      6     97  31394  99999  99999     70     13
      5     89  31956   -381   -841  99999  99999
      6     88  32004  99999  99999     45     23
      6     85  32308  99999  99999     50     20
      6     81  32613  99999  99999     80     19
      6     77  32918  99999  99999    130     27
      5     72  33405   -401   -851  99999  99999
