10180      4    230    180     90      3   1115      0      0
10140     38    232    172  99999  99999   1115  99999  99999
10000    156    224    164    110     10   1115    279      0
 9830    304  99999  99999    115     18   1116    288      0
 9488    609  99999  99999    120     19   1117    293      0
 9250    828    164    140    125     17   1117    296      0
 9156    914  99999  99999    130     17   1118    297      0
 9100    966    152    136  99999  99999   1118  99999  99999
 8829   1219  99999  99999    150     16   1119    303      1
 8600   1439    120    100  99999  99999   1119  99999  99999
 8518   1524  99999  99999    145     17   1120    308      1
 8500   1543    120     74    145     17   1120    308      1
 8450   1592    118     68  99999  99999   1120  99999  99999
 8400   1641    130     10  99999  99999   1120  99999  99999
 8240   1802    144   -166  99999  99999   1120  99999  99999
 8215   1828  99999  99999    135     15   1121    310      1
 7950   2103    146   -314  99999  99999   1121  99999  99999
 7921   2133  99999  99999    130     12   1122    310      1
 7637   2438  99999  99999     80      4   1123    308      1
 7362   2743  99999  99999     80      6   1124    306      1
 7070   3080     96   -384  99999  99999   1125  99999  99999
 7000   3169     90   -330     70      8   1125    303      2
 6880   3311     78   -272  99999  99999   1126  99999  99999
 6850   3347     74   -116  99999  99999   1126  99999  99999
 6680   3552     56    -84  99999  99999   1126  99999  99999
 6594   3657  99999  99999     75      9   1127    298      2
 6500   3774     40    -90  99999  99999   1127  99999  99999
 6350   3962  99999  99999    275      3   1128    296      2
 6130   4247     24   -176  99999  99999   1129  99999  99999
 6115   4267  99999  99999    295     12   1129    297      2
 5885   4572  99999  99999    310     15   1130    296      1
 5664   4876  99999  99999    295     17   1131    295      1
 5451   5181  99999  99999    300     10   1132    295      1
 5360   5315    -39   -249  99999  99999   1132  99999  99999
 5244   5486  99999  99999    335     13   1133    292      1
 5070   5750    -65   -215  99999  99999   1134  99999  99999
 5046   5791  99999  99999    300     17   1134    285      0
 5000   5870    -69   -299    300     17   1134    284      0
 4930   5979    -77   -307  99999  99999   1134  99999  99999
 4855   6096  99999  99999    295     17   1135    279      0
 4666   6400  99999  99999    285     16   1136    272      0
 4380   6883   -153   -303  99999  99999   1137  99999  99999
 4000   7560   -213   -259    295     30   1140    115      1
 3990   7578   -213   -258  99999  99999   1140  99999  99999
 3967   7620  99999  99999    290     30   1140    115      1
 3496   8534  99999  99999    285     31   1143    110      2
 3420   8692   -301   -361  99999  99999   1143  99999  99999
 3207   9144  99999  99999    280     37   1145    108      3
 3150   9270   -351   -431  99999  99999   1145  99999  99999
 3000   9610   -379   -429    280     41   1147    106      4
 2809  10058  99999  99999    275     46   1148    104      5
 2750  10202   -427   -468  99999  99999   1148  99999  99999
 2610  10554   -419   -609  99999  99999   1150  99999  99999
 2567  10668  99999  99999    280     65   1150    102      7
 2500  10850   -443   -503    285     65   1151    102      8
 2490  10877   -447   -507  99999  99999   1151  99999  99999
 2420  11067   -459   -529  99999  99999   1151  99999  99999
 2320  11347   -453   -703  99999  99999   1152  99999  99999
 2238  11582  99999  99999    285     96   1153    103     11
 2000  12320   -535   -685    285     94   1156    103     15
 1690  13373  99999  99999    290     96   1159    104     21
 1680  13411  99999  99999    290     96   1159    104     21
 1610  13676   -649   -759  99999  99999   1200  99999  99999
 1500  14110   -663   -803    285     73   1202    105     24
 1448  14326  99999  99999    280     65   1202    104     25
 1330  14838   -657   -817  99999  99999   1204  99999  99999
 1243  15240  99999  99999    290     54   1205    104     28
 1121  15849  99999  99999    280     40   1207    104     30
 1020  16408   -755   -865    290     38   1209    104     31
 1012  16459  99999  99999    295     38   1209    104     31
 1010  16468   -751   -861  99999  99999   1209  99999  99999
 1000  16520   -747   -857    290     38   1210    104     31
  862  17373  99999  99999    285     47   1212    105     33
  856  17416   -769   -869  99999  99999   1213  99999  99999
  781  17945   -744   -864  99999  99999   1214  99999  99999
  744  18230   -694   -844  99999  99999   1215  99999  99999
  737  18288  99999  99999    325     15   1215    105     35
  701  18592  99999  99999    315     14   1216    106     35
  700  18600   -705   -855    320     14   1216    106     35
  666  18897  99999  99999     65      5   1217    106     35
  632  19202  99999  99999    200      6   1218    106     35
  601  19499   -719   -869  99999  99999   1219  99999  99999
  600  19507  99999  99999    280     13   1220    106     35
  568  19834   -681   -861  99999  99999   1221  99999  99999
  542  20116  99999  99999     80      1   1222    106     35
  515  20421  99999  99999    240      5   1223    106     35
  513  20442   -691   -871  99999  99999   1223  99999  99999
  500  20610   -677   -867    335      9   1223    106     35
  491  20726  99999  99999    340     10   1224    106     35
  466  21031  99999  99999     20      5   1225    106     35
  460  21115   -641   -871  99999  99999   1225  99999  99999
  444  21336  99999  99999    360      9   1226    106     35
  422  21640  99999  99999     40     17   1227    107     35
  387  22170   -641   -871  99999  99999   1228  99999  99999
  382  22250  99999  99999     70      7   1229    107     35
  364  22555  99999  99999    210      1   1230    107     35
  346  22860  99999  99999    300      6   1231    107     35
  339  22991   -577   -867  99999  99999   1231  99999  99999
  300  23770   -583   -863    320     10   1234    107     35
  286  24079  99999  99999    325     12   1235    108     35
  272  24384  99999  99999    330      7   1236    108     35
  259  24688  99999  99999    275     10   1237    108     36
  235  25298  99999  99999    310     16   1239    108     36
  203  26212  99999  99999    280      8   1242    108     37
  200  26300   -599   -859    275     10   1242    108     37
  184  26818   -607   -867  99999  99999   1244  99999  99999
  175  27127  99999  99999    245     20   1245    107     37
  167  27432  99999  99999    245     19   1246    107     37
  162  27624   -523   -853  99999  99999   1247  99999  99999
  159  27736  99999  99999    245     19   1247    107     38
  152  28041  99999  99999    295      7   1248    107     38
  138  28651  99999  99999    270      9   1250    107     38
  138  28659   -521   -841  99999  99999   1250  99999  99999
  118  29683   -463   -823  99999  99999   1253  99999  99999
  115  29870  99999  99999    285     26   1254    106     39
  110  30176  99999  99999    300     26   1255    106     40
  105  30480  99999  99999    295     22   1256    107     40
  100  30790   -439   -819    275     16   1257    107     40
