pbRAOB analysis output valid for grid point 0.0 nm / 000 deg from site
   RAOB      0     11    NOV   2021
   CAPE  99999    CIN  99999  Helic  99999     PW  99999
      1  99999  72469 39.77N104.87W   1611      0
      2  99999  99999  99999  99999  99999  99999
      3            DNR                99999     kt
      4  10000     90  99999  99999  99999  99999      0    359      0
      4   9250    764  99999  99999  99999  99999      0    359      0
      4   8500   1480  99999  99999  99999  99999      0    359      0
      9   8370   1611    118   -106    260     19     60     89  74934
      5   8153   1829  99999  99999    285     27      0    359      0
      5   7856   2134  99999  99999    285     29      0    359      0
      5   7567   2438  99999  99999    285     31      0    359      0
      5   7286   2743  99999  99999    295     31      0    359      0
      5   7012   3048  99999  99999    310     32      0    359      0
      4   7000   3067    -19   -171    305     32     60     89 161166
      5   6489   3658  99999  99999    310     35      0    359      0
      5   6370   3807    -87   -209  99999  99999      0    359      0
      5   6090   4153   -112   -313  99999  99999      0    359      0
      5   5996   4267  99999  99999    305     39      0    359      0
      5   5533   4877  99999  99999    320     39      0    359      0
      5   5040   5574   -222   -303  99999  99999      0    359      0
      4   5000   5632   -222   -303    310     53     60     89 315276
      5   4870   5825   -238   -329  99999  99999      0    359      0
      5   4740   6023   -239   -519  99999  99999      0    359      0
      5   4691   6096  99999  99999    315     56      0    359      0
      5   4650   6162   -245   -665  99999  99999      0    359      0
      5   4460   6465   -255   -555  99999  99999      0    359      0
      4   4000   7243   -325   -485    315     55     60     89 411218
      5   3789   7620  99999  99999    320     54      0    359      0
      5   3630   7918   -389   -509  99999  99999      0    359      0
      5   3625   7925  99999  99999    320     54      0    359      0
      5   3340   8485   -423   -603  99999  99999      0    359      0
      5   3028   9144  99999  99999    305     82      0    359      0
      5   3010   9186   -433   -693  99999  99999      0    359      0
      4   3000   9208   -435   -695    305     84     60     89 523309
      5   2891   9449  99999  99999    305     89      0    359      0
      5   2750   9787   -483   -703  99999  99999      0    359      0
      4   2500  10411   -503   -763    310     89     60     89 601666
      5   2403  10668  99999  99999    310     91      0    359      0
      5   2292  10973  99999  99999    315     95      0    359      0
      5   2270  99999  99999  99999    315     95      0    359      0
      5   2187  11278  99999  99999    320     76      0    359      0
      4   2000  11848   -559   -799    305     53     60     89 688141
      5   1988  11887  99999  99999    295     51      0    359      0
      5   1950  12009   -571   -811    295     51      0    359      0
      5   1670  99999  99999  99999    310     71      0    359      0
      5   1641  13106  99999  99999    310     71      0    359      0
      5   1610  13225   -555   -855  99999  99999      0    359      0
      4   1500  13673   -585   -865    310     50     60     89 796039
      5   1450  13885   -595   -865  99999  99999      0    359      0
      5   1418  14021  99999  99999    305     47      0    359      0
      5   1288  14630  99999  99999    300     57      0    359      0
      5   1227  14935  99999  99999    315     53      0    359      0
      5   1210  15027   -557   -857  99999  99999      0    359      0
      5   1170  15240  99999  99999    320     47      0    359      0
      5   1012  16154  99999  99999    320     33      0    359      0
      5   1010  16168   -589   -869  99999  99999      0    359      0
      4   1000  16230   -593   -873    320     32     60     89 950516
      5    927  16701   -625   -875  99999  99999      0    359      0
      5    918  16764  99999  99999    315     31      0    359      0
      5    886  16983   -575   -865  99999  99999      0    359      0
      5    794  17678  99999  99999    265     29      0    359      0
      5    758  17966   -583   -873  99999  99999      0    359      0
      5    720  18288  99999  99999    315     21      0    359      0
      4    700  18463   -619   -869    325     22     60     891082485
      5    685  18593  99999  99999    330     22      0    359      0
      5    668  18751   -635   -875  99999  99999      0    359      0
      5    641  19007   -581   -871  99999  99999      0    359      0
      5    592  19507  99999  99999      0     15      0    359      0
      5    577  19663   -623   -873    345     14      0    359      0
      5    563  19812  99999  99999    300     20      0    359      0
      5    521  20293   -623   -873  99999  99999      0    359      0
      4    500  20548   -609   -869    335     16     60     891208736
      5    486  20726  99999  99999    355     22      0    359      0
      5    463  21031  99999  99999     15     21      0    359      0
      5    441  21336  99999  99999     15     15      0    359      0
      5    436  21406   -569   -869  99999  99999      0    359      0
      5    382  22250  99999  99999      5      6      0    359      0
      5    347  22841   -601   -871  99999  99999      0    359      0
      5    346  22860  99999  99999     15     26      0    359      0
      5    300  23751   -589   -869     40     18     60     891400660
      5    299  23774  99999  99999     40     17      0    359      0
      5    285  24079  99999  99999     10     23      0    359      0
      5    235  25298  99999  99999     20     29      0    359      0
      5    225  25572   -547   -867  99999  99999      0    359      0
      5    213  25908  99999  99999     50     24      0    359      0
      5    200  26321   -575   -875     45     24     60     891554682
      5    176  27122   -605   -875     30     29      0    359      0
      5    167  27432  99999  99999     20     29      0    359      0
      5    160  27737  99999  99999     15     31      0    359      0
      5    152  28042  99999  99999     30     24      0    359      0
      5    143  28430   -553   -873  99999  99999      0    359      0
      5    125  29261  99999  99999     20      8      0    359      0
      5    113  29916   -597   -877  99999  99999      0    359      0
      4    108  30175  99999  99999      5     18      0    359      0
      4    103  30480  99999  99999    335     27      0    359      0
      4    100  30682   -581   -871    345     25     60     891813848
      5     94  31090  99999  99999    345     28      0    359      0
      5     88  31485   -593   -873  99999  99999      0    359      0
      5     85  31699  99999  99999    325     27      0    359      0
      5     77  32328   -553   -873    335     25     60     891800197
