1108,1109c1108
<       5   1810  99999  99999  99999    315     21   1146    359      0
<       5   1650  12927   -445   -755  99999  99999   1148    359      0
---
>       5   1760  99999  99999  99999    310     19   1147    359      0
1111,1140c1110,1112
<       5   1300  14516   -469   -809  99999  99999   1154    359      0
<       5   1180  15161   -449   -789  99999  99999   1156    359      0
<       4   1000  16263   -461   -801    290     16   1159    359      0
<       5    952  99999  99999  99999    285     17   1200    359      0
<       5    775  99999  99999  99999    335      8   1204    359      0
<       5    734  99999  99999  99999    270      4   1205    359      0
<       4    700  18626   -475   -805    270      6   1206    359      0
<       5    602  99999  99999  99999    275     17   1210    359      0
<       5    582  19840   -493   -823  99999  99999   1210    359      0
<       5    574  99999  99999  99999    265      6   1211    359      0
<       4    500  20839   -477   -807    230      6   1214    359      0
<       5    385  99999  99999  99999    205      4   1219    359      0
<       5    350  99999  99999  99999    240     14   1222    359      0
<       5    310  99999  99999  99999    185     17   1224    359      0
<       5    300  24204   -485   -815    215     23   1225    359      0
<       5    293  99999  99999  99999    240     25   1225    359      0
<       5    228  99999  99999  99999    345      6   1231    359      0
<       5    222  26181   -491   -821  99999  99999   1231    359      0
<       5    206  99999  99999  99999    140     10   1233    359      0
<       5    200  26867   -481   -811    190     12   1234    359      0
<       5    163  99999  99999  99999    270     12   1238    359      0
<       5    155  99999  99999  99999      0      0   1239    359      0
<       5    147  99999  99999  99999    280     14   1241    359      0
<       5    141  99999  99999  99999    315      2   1241    359      0
<       5    134  99999  99999  99999    290     14   1243    359      0
<       4    100  31463   -451   -791     70      8   1249    359      0
<       5     91  99999  99999  99999      0      0   1251    359      0
<       5     66  99999  99999  99999    350     16   1259    359      0
<       5     60  99999  99999  99999      0      0   1261    359      0
<       5     55  35523   -371   -741    340     16   1263    359      0
---
>       5   1300  14517   -469   -809  99999  99999   1154    359      0
>       5   1010  16192   -461   -801    295     14   1159    359      0
>       4   1000  16258   -461   -801    290     16   1159    359      0
1147c1119
<       5  10040    109     52    -38  99999  99999   1110    359      0
---
>       5  10020    126     50    -40  99999  99999   1110    359      0
1158c1130
<       5   7240   2718    -61   -111  99999  99999   1119    359      0
---
>       5   7230   2729    -61   -111  99999  99999   1119    359      0
1179,1180c1151,1152
<       5   2190  11174   -457   -797  99999  99999   1147    359      0
<       4   2000  11777   -463   -803    300     56   1149    359      0
---
>       5   2260  10965   -453   -793  99999  99999   1146    359      0
>       4   2000  11778   -463   -803    300     56   1149    359      0
1182c1154
<       4   1500  13690   -467   -807    300     43   1155    359      0
---
>       4   1500  13691   -467   -807    300     43   1155    359      0
1184,1208c1156,1157
<       5   1130  99999  99999  99999    305     33   1200    359      0
<       5   1030  16161   -475   -805  99999  99999   1202    359      0
<       4   1000  16356   -485   -815    290     27   1203    359      0
<       5    920  99999  99999  99999    275     23   1205    359      0
<       5    772  18049   -507   -827  99999  99999   1209    359      0
<       5    768  99999  99999  99999    300     17   1209    359      0
<       4    700  18689   -489   -819    285     16   1211    359      0
<       5    629  99999  99999  99999    250     12   1213    359      0
<       5    596  99999  99999  99999    310      8   1214    359      0
<       5    593  19779   -483   -813  99999  99999   1214    359      0
<       5    583  99999  99999  99999    250      2   1215    359      0
<       4    504  99999  99999  99999    250     14   1218    359      0
<       4    500  20898   -499   -829    255     14   1218    359      0
<       5    331  23587   -509   -829  99999  99999   1227    359      0
<       5    300  24229   -491   -821     70      6   1229    359      0
<       5    239  99999  99999  99999      0      0   1234    359      0
<       5    200  26888   -491   -821    175      4   1238    359      0
<       5    177  99999  99999  99999    350     16   1241    359      0
<       5    158  28433   -493   -823  99999  99999   1243    359      0
<       5    130  29724   -447   -787  99999  99999   1248    359      0
<       5    125  99999  99999  99999     30     17   1248    359      0
<       4    109  30895   -475   -805  99999  99999   1252    359      0
<       4    100  31466   -463   -803     45      4   1253    359      0
<       5     96  99999  99999  99999    345      2   1254    359      0
<       5     72  33679   -395   -755     50     21   1261    359      0
---
>       5   1010  16289   -481   -811    290     29   1203    359      0
>       4   1000  16355   -485   -815    290     29   1203    359      0
1317,1371d1265
<       1  99999  04360 65.61N 37.64W    101      0
<       2  99999  99999  99999  99999  99999  99999
<       3          BGAM                99999     kt
<       5  10040  99999  99999  99999    260      4   1105    359      0
<       5   9978    101     70     45  99999  99999   1105    359      0
<       5   9740    299     54     23  99999  99999   1106     86      0
<       5   9040    903      4      0  99999  99999   1108    251      0
<       5   8680  99999  99999  99999     75     19   1109    253      0
<       9   8500   1395    -21    -24     80     14   1110    254      0
<       5   7770   2103    -63    -73  99999  99999   1112    254      0
<       4   7000   2912   -111   -123     35     10   1115    254      0
<       5   6460   3524   -151   -163  99999  99999   1117    254      0
<       5   6400   3595   -157   -170  99999  99999   1117    254      0
<       5   6210   3821   -173   -178  99999  99999   1118    254      0
<       5   5900   4203   -201   -231  99999  99999   1119    254      0
<       5   5680  99999  99999  99999     40      2   1120    254      0
<       5   5150   5196   -275   -305  99999  99999   1123    254      0
<       4   5000   5407   -293   -314    295      8   1123    254      0
<       5   4840  99999  99999  99999    275     10   1124    254      0
<       5   4690   5861   -329   -334  99999  99999   1125    254      0
<       5   4470   6197   -353   -400  99999  99999   1126    254      0
<       4   4000   6961   -411   -452    200     10   1128    254      0
<       5   3710   7468   -447   -475  99999  99999   1130    254      0
<       5   3500  99999  99999  99999    195     21   1131    254      0
<       5   3350   8144   -495   -555    200     14   1132    254      0
<       4   3000   8873   -453   -573    245     16   1135    254      0
<       5   2650   9709   -405   -555  99999  99999   1137    254      0
<       5   2610  99999  99999  99999    250      8   1138    254      0
<       4   2500  10106   -403   -533    250     16   1139    254      0
<       5   2260  10794   -399   -539  99999  99999   1141    254      0
<       5   2090  99999  99999  99999    250     21   1143    254      0
<       5   2070  11395   -391   -561  99999  99999   1143    254      0
<       4   2000  11630   -395   -595    260     19   1144    254      0
<       4   1500  13584   -427   -777    255     14   1150    254      0
<       5   1370  99999  99999  99999    245     19   1152    254      0
<       5   1280  99999  99999  99999    250      6   1154    254      0
<       5   1010  16237   -451   -791    255     17   1159    254      0
<       4   1000  16304   -451   -791    255     17   1159    254      0
<       5    897  99999  99999  99999    290     14   1201    254      0
<       5    736  99999  99999  99999    240      6   1205    254      0
<       4    700  18677   -465   -805    230     10   1206    254      0
<       5    637  99999  99999  99999    210     21   1208    254      0
<       5    589  99999  99999  99999    240      6   1210    254      0
<       5    557  99999  99999  99999    250     17   1211    254      0
<       5    530  99999  99999  99999    240      4   1212    254      0
<       4    500  20902   -479   -809    150      4   1214    254      0
<       5    468  21337   -497   -827  99999  99999   1215    254      0
<       5    300  24256   -479   -809    215      6   1225    254      0
<       5    242  99999  99999  99999    230      2   1230    254      0
<       5    200  26923   -489   -819    285     16   1234    254      0
<       5    170  27985   -509   -829  99999  99999   1237    254      0
<       5    153  99999  99999  99999    350     19   1240    254      0
<       5    124  30065   -449   -789    350      6   1244    254      0
< RAOB sounding valid at:
<    RAOB     12     31    AUG   2022
1459,1464d1352
<       4    700  18805   -519   -829     75      6   1204     62      6
<       4    500  20982   -523   -853    290      8   1211     65      6
<       5    339  23493   -523   -813  99999  99999   1219     72      6
<       5    300  24286   -511   -791      5      8   1222     75      6
<       5    200  26931   -493   -803    345      6   1231     84      6
<       5    121  30247   -461   -811  99999  99999   1242     90      6
17985a17874
>       5   1040  99999   -681  99999  99999  99999   1224     54     49
18164c18053
<       5   4420   6827    -89    -99  99999  99999   1155     59     13
---
>       5   4420   6827    -89    -96  99999  99999   1155     59     13
18286a18176
>       5   1120  99999   -713  99999  99999  99999   1223     40     15
18288c18178
<       5   1030  99999   -713  99999    235      8   1225     40     15
---
>       5   1030  99999  99999  99999    235      8   1225     40     15
18338c18228,18230
<       4   9250    795    218    191    195     19   1134     15      0
---
>       5   9330    719    215    184  99999  99999   1134     15      0
>       4   9250    794    218    191    195     19   1134     15      0
>       5   9130    907    216    184  99999  99999   1134     15      0
18341,18344c18233,18235
<       5   8890   1140    208    165  99999  99999   1135     16      0
<       4   8500   1528    190    140    205     16   1136     18      1
<       5   8350   1681    186    126  99999  99999   1137     19      1
<       5   8080   1963    184     34  99999  99999   1138     20      1
---
>       4   8500   1526    190    140    205     16   1136     18      1
>       5   8220   1814    186     86  99999  99999   1137     19      1
>       5   8080   1961    184     34  99999  99999   1138     20      1
18347,18350c18238,18240
<       5   7460   2639    126    -14  99999  99999   1140     23      1
<       5   7390   2719    134    -66  99999  99999   1140     23      1
<       5   7100   3054    124   -116  99999  99999   1141     24      2
<       4   7000   3173    118   -122    210      8   1142     24      2
---
>       5   7460   2638    126    -14  99999  99999   1140     23      1
>       5   7100   3052    124   -116  99999  99999   1141     24      2
>       4   7000   3171    118   -122    210      8   1142     25      2
18352c18242
<       5   6280  99999  99999  99999    220      8   1145     25      2
---
>       5   6280  99999  99999  99999    220      8   1145     26      2
18356,18358c18246,18249
<       5   5630   4969     50   -250    215      8   1148     24      3
<       5   5430  99999  99999  99999    265     10   1149     25      3
<       4   5000   5923    -25   -245    225     12   1151     29      3
---
>       5   5790   4738     56   -324  99999  99999   1147     24      2
>       5   5630   4966     50   -250    215      8   1148     24      3
>       5   5430  99999  99999  99999    265     10   1149     26      3
>       4   5000   5920    -25   -245    225     12   1151     29      3
18360,18361c18251,18252
<       5   4010   7634   -139   -459  99999  99999   1157     22      4
<       4   4000   7653   -141   -461    165     12   1157     22      4
---
>       5   4010   7632   -139   -459  99999  99999   1157     22      4
>       4   4000   7650   -141   -461    165     12   1157     22      4
18363c18254
<       5   3350   8972   -241   -491  99999  99999   1200     17      5
---
>       5   3350   8969   -241   -491  99999  99999   1200     17      5
18366,18367c18257,18258
<       5   3020   9722   -277   -567  99999  99999   1203     10      5
<       4   3000   9770   -283   -573    125     19   1203      9      5
---
>       5   3020   9719   -277   -567  99999  99999   1203     10      5
>       4   3000   9767   -283   -573    125     19   1203      9      5
18369,18370c18260,18261
<       4   2500  11046   -395   -565    110     19   1207    358      6
<       5   2470  11129   -401   -561  99999  99999   1207    357      6
---
>       4   2500  11044   -395   -565    110     19   1207    358      6
>       5   2470  11126   -401   -561  99999  99999   1207    357      6
18373c18264
<       5   1810  99999  99999  99999     90     27   1214    337      6
---
>       5   1920  99999  99999  99999     95     29   1213    341      6
18382c18273
<       4   1000  16750   -713  99999    100     14   1226    311      8
---
>       4   1000  16750   -713  99999    100     14   1226    312      8
18384c18275
<       5    921  99999  99999  99999    105     10   1228    310      8
---
>       5    921  99999  99999  99999    105     10   1228    311      8
18389c18280
<       4    709  99999  99999  99999     90      6   1233    308      9
---
>       4    709  99999  99999  99999     90      6   1233    309      9
18400,18402c18291,18293
<       5    398  99999  99999  99999     90     31   1245    297     11
<       5    355  99999  99999  99999    100     21   1247    295     12
<       5    334  99999  99999  99999     80     23   1248    294     12
---
>       5    397  99999  99999  99999     90     31   1245    297     11
>       5    354  99999  99999  99999    100     21   1247    295     12
>       5    333  99999  99999  99999     80     23   1248    294     12
18404c18295
<       5    280  99999  99999  99999     95     29   1252    291     14
---
>       5    279  99999  99999  99999     95     29   1252    291     14
18406,18408c18297,18299
<       5    263  99999  99999  99999     90     21   1253    291     15
<       5    248  99999  99999  99999     95     29   1255    290     15
<       5    220  99999  99999  99999     85     19   1257    289     16
---
>       5    262  99999  99999  99999     90     21   1253    291     15
>       5    247  99999  99999  99999     95     29   1255    290     15
>       5    219  99999  99999  99999     85     19   1257    289     16
18410c18301
<       5    193  99999  99999  99999     75     25   1260    287     17
---
>       5    193  99999  99999  99999     75     25   1260    288     17
18412,18414c18303,18305
<       5    174  99999   -447  99999  99999  99999   1262    286     18
<       5    172  99999  99999  99999    105     29   1263    286     18
<       5    161  99999  99999  99999    115     17   1264    286     19
---
>       5    174  99999   -447  99999  99999  99999   1262    287     18
>       5    172  99999  99999  99999    105     29   1263    287     18
>       5    161  99999  99999  99999    115     17   1264    287     19
18426c18317
<       5     77  99999  99999  99999    105     33   1281    286     24
---
>       5     77  99999  99999  99999    105     33   1281    287     24
18719,18720c18610,18612
<       5   4780   6245    -53   -163  99999  99999   1151    355      2
<       5   4770   6262    -53   -243  99999  99999   1151    355      2
---
>       5   4850  99999  99999  99999    195     17   1151    355      2
>       5   4780   6245    -53   -163  99999  99999   1151    356      2
>       5   4770   6262    -53   -243  99999  99999   1151    356      2
18722c18614
<       5   4420  99999  99999  99999    175      8   1153    357      2
---
>       5   4420  99999  99999  99999    175      8   1153    358      3
18724,18726c18616,18618
<       5   3610  99999  99999  99999    190     10   1158    358      3
<       5   3520   8582   -197   -427  99999  99999   1159    358      4
<       5   3440  99999  99999  99999    160      6   1200    358      4
---
>       5   3610  99999  99999  99999    190     10   1158    359      4
>       5   3520   8582   -197   -427  99999  99999   1159    359      4
>       5   3440  99999  99999  99999    160      6   1200    359      4
18728c18620
<       5   3120   9466   -259   -449  99999  99999   1201    357      4
---
>       5   3120   9466   -259   -449  99999  99999   1201    358      4
18732c18624
<       5   2710  99999  99999  99999    335     14   1204    356      3
---
>       5   2710  99999  99999  99999    335     14   1204    357      3
18739c18631
<       5   1910  99999  99999  99999    340     12   1212     10      2
---
>       5   1910  99999  99999  99999    340     12   1212     10      3
18745c18637
<       5   1200  99999  99999  99999    325      4   1222     24      1
---
>       5   1200  99999  99999  99999    325      4   1222     23      1
18748,18752c18640,18644
<       5   1030  99999   -735  99999  99999  99999   1225     31      1
<       4   1000  16760   -747  99999    330      2   1225     32      1
<       5    985  99999  99999  99999    300      2   1226     32      1
<       5    923  99999  99999  99999     55      2   1227     33      1
<       5    865  99999   -747  99999  99999  99999   1228     30      1
---
>       5   1030  99999   -735  99999  99999  99999   1225     30      1
>       4   1000  16760   -747  99999    330      2   1225     31      1
>       5    985  99999  99999  99999    300      2   1226     31      1
>       5    923  99999  99999  99999     55      2   1227     32      1
>       5    865  99999   -747  99999  99999  99999   1228     29      1
18758,18763c18650,18655
<       5    690  99999  99999  99999    105      6   1233      7      1
<       5    522  99999  99999  99999     85     25   1238    309      1
<       4    500  20900   -627  99999    100     23   1239    303      1
<       5    468  99999  99999  99999    125     14   1240    301      2
<       5    441  99999  99999  99999    105     17   1242    300      2
<       5    391  99999  99999  99999    105     23   1244    296      3
---
>       5    690  99999  99999  99999    105      6   1233      8      1
>       5    522  99999  99999  99999     85     25   1238    311      1
>       4    500  20900   -627  99999    100     23   1239    304      1
>       5    468  99999  99999  99999    125     14   1240    302      2
>       5    441  99999  99999  99999    105     17   1242    301      2
>       5    391  99999  99999  99999    105     23   1244    297      3
18765,18766c18657,18658
<       5    352  99999  99999  99999    100     23   1246    293      4
<       5    315  99999  99999  99999     75     27   1249    288      5
---
>       5    352  99999  99999  99999    100     23   1246    294      4
>       5    315  99999  99999  99999     75     27   1249    289      5
18768c18660
<       5    275  99999   -565  99999  99999  99999   1252    282      6
---
>       5    275  99999   -565  99999  99999  99999   1252    283      6
18770c18662
<       5    246  99999  99999  99999     70     31   1254    279      7
---
>       5    246  99999  99999  99999     70     31   1254    280      7
19334,19335c19226
<       5    935  16934   -761   -805  99999  99999   1227    255     18
<       5    908  17100  99999  99999     95     61   1228    256     19
---
>       5    905  17100  99999  99999     95     61   1228    256     19
19337,19350c19228,19230
<       5    894  17196   -717   -760  99999  99999   1228    256     19
<       5    868  17369   -725   -764  99999  99999   1229    257     20
<       5    852  17479   -729   -768  99999  99999   1229    257     20
<       5    820  17700  99999  99999    110     40   1230    258     20
<       5    816  17732   -719   -765  99999  99999   1230    258     20
<       5    793  17901   -715   -758  99999  99999   1230    258     21
<       5    745  99999  99999  99999     85     16   1232    259     21
<       5    741  18302   -703   -793  99999  99999   1232    259     21
<       5    719  99999  99999  99999     70     14   1232    259     21
<       4    704  18600  99999  99999     65     15   1233    259     21
<       4    700  18639   -721   -811     70     16   1233    259     21
<       5    690  99999  99999  99999     65     15   1233    259     21
<       5    676  18844   -725   -815  99999  99999   1233    259     22
<       5    614  99999  99999  99999     90     37   1235    259     22
---
>       5    817  17700  99999  99999    110     40   1230    258     20
>       4    703  18600  99999  99999     65     15   1233    259     22
>       4    700  18582   -721   -811     70     16   1233    259     22
19354,19356c19234
<       5    536  99999  99999  99999    120     15   1238    259     24
<       5    527  20361   -575   -735  99999  99999   1239    259     24
<       4    500  20692   -585   -745    230     15   1240    260     24
---
>       4    500  20628   -585   -745    230     15   1240    260     24
19358d19235
<       5    494  99999  99999  99999    240     18   1240    260     24
19360,19361d19236
<       5    401  22066   -623   -813  99999  99999   1244    260     23
<       5    393  99999  99999  99999    280     10   1245    260     23
19364,19365d19238
<       5    355  99999  99999  99999    330      1   1247    260     23
<       5    330  99999  99999  99999    250     16   1248    260     22
19367,19371c19240,19241
<       5    305  99999  99999  99999    295     19   1250    260     22
<       5    300  23880   -567   -817    300     18   1250    259     22
<       5    280  24300  99999  99999    330      4   1252    259     22
<       5    271  99999  99999  99999    320      3   1252    259     22
<       5    251  25021   -523   -813  99999  99999   1254    259     22
---
>       5    300  23851   -567   -817    300     18   1250    260     22
>       5    280  24300  99999  99999    330      4   1252    260     22
19373,19374d19242
<       5    241  99999  99999  99999     95     11   1255    259     22
<       5    238  25365   -527   -817  99999  99999   1255    259     22
19376,19378c19244
<       5    214  99999  99999  99999    210     23   1258    260     22
<       5    200  26495   -497   -827    215     21   1259    261     21
<       5    193  26728   -489   -819  99999  99999   1260    262     21
---
>       5    200  26461   -497   -827    215     21   1259    262     21
19463,19470c19329,19330
<       5    906  17111   -717   -759  99999  99999   1231    255     21
<       5    872  17336   -727   -773  99999  99999   1232    255     21
<       5    838  17571   -693   -743  99999  99999   1233    256     22
<       4    700  18637   -723   -803    100     26   1236    257     24
<       5    688  18738   -729   -809  99999  99999   1237    257     24
<       5    514  20512   -577   -777  99999  99999   1243    258     25
<       5    511  99999  99999  99999    225      9   1243    258     25
<       4    500  20686   -583   -803    235     13   1243    258     25
---
>       4    700  18577   -723   -803    100     26   1236    257     24
>       4    500  20624   -583   -803    235     13   1243    258     25
19472,19476c19332,19334
<       5    413  21873   -635   -915  99999  99999   1247    258     24
<       5    375  99999  99999  99999    310     14   1249    257     24
<       5    357  22800  99999  99999    200      4   1250    257     24
<       5    354  99999  99999  99999    200      4   1250    257     24
<       5    340  23100  99999  99999    255     14   1251    257     23
---
>       5    375  22500  99999  99999    310     14   1249    257     24
>       5    358  22800  99999  99999    200      4   1250    257     23
>       5    341  23100  99999  99999    255     14   1251    257     23
19479,19485c19337,19339
<       5    300  23871   -557   -867    320     15   1254    256     23
<       5    299  99999  99999  99999    325     14   1254    256     23
<       5    269  24600  99999  99999    255      4   1256    255     23
<       5    260  24788   -527   -847  99999  99999   1257    255     23
<       5    257  24900  99999  99999     85      2   1257    255     23
<       5    253  99999  99999  99999     85      2   1258    255     23
<       5    243  25223   -543   -853  99999  99999   1258    256     23
---
>       5    300  23855   -557   -867    320     15   1254    256     23
>       5    269  24600  99999  99999    255      4   1256    256     23
>       5    256  24900  99999  99999     85      2   1257    256     23
19488,19500c19342
<       5    203  26397   -459   -809  99999  99999   1262    257     22
<       5    200  26496   -453   -803    225     19   1263    258     22
<       5    180  99999  99999  99999    280     16   1265    258     22
<       5    178  27300  99999  99999    280     16   1265    258     21
<       5    170  27570   -495   -815  99999  99999   1266    257     21
<       5    163  27846   -489   -819  99999  99999   1267    257     21
<       5    162  27900  99999  99999    310      9   1267    257     21
<       5    151  99999  99999  99999    355      6   1269    257     21
<       5    145  28612   -497   -817  99999  99999   1270    257     21
<       5    143  99999  99999  99999    145      6   1270    257     21
<       5    141  28800  99999  99999    150      4   1270    257     21
<       5    123  99999  99999  99999    200      3   1273    257     21
<       5    118  30000  99999  99999    355      8   1274    257     21
---
>       5    200  26497   -453   -803    225     19   1263    258     22
19582,19584d19423
<       5    995  99999  99999  99999     85     54   1228    250     13
<       5    981  16652   -779   -813  99999  99999   1228    251     13
<       5    962  99999  99999  99999     95     54   1228    251     13
19586,19624c19425,19439
<       5    946  16861   -751   -784  99999  99999   1229    252     14
<       5    886  17240   -759   -786  99999  99999   1230    253     14
<       5    876  17305   -759   -788  99999  99999   1230    254     15
<       5    822  99999  99999  99999    120     36   1231    256     15
<       5    813  17743   -701   -791  99999  99999   1232    256     15
<       5    733  18356   -715   -815  99999  99999   1234    257     16
<       5    730  99999  99999  99999     70     15   1234    257     16
<       4    703  99999  99999  99999     40     19   1234    257     16
<       4    700  18628   -713   -823     40     21   1235    257     16
<       5    654  99999  99999  99999     80     36   1236    256     17
<       5    636  19200  99999  99999     85     38   1236    257     17
<       5    606  19500  99999  99999     75     31   1237    257     18
<       5    577  19800  99999  99999     70     36   1238    256     18
<       5    549  20100  99999  99999    120      6   1239    256     19
<       5    545  99999  99999  99999     85     19   1240    256     19
<       5    526  99999  99999  99999    210      8   1240    257     19
<       5    524  20400  99999  99999    210      8   1240    257     19
<       5    518  20464   -583   -773  99999  99999   1241    257     19
<       4    500  20686   -591   -781    250     26   1241    257     18
<       5    493  99999  99999  99999    245     30   1242    257     18
<       5    411  21900  99999  99999    280     23   1245    257     17
<       5    397  22120   -623   -843  99999  99999   1246    257     17
<       5    392  22200  99999  99999    245     15   1246    257     16
<       5    373  22500  99999  99999    270     13   1247    257     16
<       5    356  22800  99999  99999    255      3   1248    256     16
<       5    353  99999  99999  99999    255      3   1249    256     16
<       5    323  23400  99999  99999    255     20   1250    257     16
<       5    321  99999  99999  99999    255     20   1251    257     16
<       5    300  23880   -547   -847    265     24   1252    256     15
<       5    294  24010   -543   -843  99999  99999   1252    256     15
<       5    281  24300  99999  99999    275     26   1253    256     15
<       5    272  24508   -545   -855  99999  99999   1254    256     14
<       5    246  25156   -511   -841  99999  99999   1256    255     14
<       5    243  99999  99999  99999    245     19   1257    255     13
<       5    220  25883   -503   -833  99999  99999   1259    256     13
<       5    200  26503   -511   -831    240     37   1261    258     12
<       5    188  99999  99999  99999    235     36   1262    259     11
<       5    185  27000  99999  99999    235     36   1262    260     11
<       5    182  27116   -515   -835  99999  99999   1263    260     10
---
>       4    700  18607   -713   -823     40     21   1235    253     17
>       5    636  19200  99999  99999     85     38   1236    253     18
>       5    605  19500  99999  99999     75     31   1237    253     18
>       5    576  19800  99999  99999     70     36   1238    253     19
>       5    549  20100  99999  99999    120      6   1239    253     19
>       5    523  20400  99999  99999    210      8   1240    253     19
>       4    500  20655   -591   -781    250     26   1241    253     19
>       5    411  21900  99999  99999    280     23   1245    252     17
>       5    391  22200  99999  99999    245     15   1246    252     17
>       5    373  22500  99999  99999    270     13   1247    252     17
>       5    356  22800  99999  99999    255      3   1248    252     17
>       5    323  23400  99999  99999    255     20   1250    252     16
>       5    300  23888   -547   -847    265     24   1252    252     16
>       5    281  24300  99999  99999    275     26   1253    251     15
>       5    200  26501   -511   -831    240     37   1261    250     11
38533a38349,38487
>       1  99999  71082 82.50N 62.35W     76      0
>       2  99999  99999  99999  99999  99999  99999
>       3           YLT                99999     kt
>       9  10060     76    -23    -42     30      3   1115    359      0
>       4  10000    124    -23    -43    335      1   1116    196      0
>       5   9850    243    -33    -61  99999  99999   1116    173      0
>       5   9745    305  99999  99999    355      6   1116    173      0
>       5   9490    536    -57    -81  99999  99999   1117    163      0
>       5   9440    578    -57    -82  99999  99999   1117    160      0
>       5   9379    610  99999  99999    315      9   1117    157      0
>       4   9250    737    -67    -94    325     12   1118    152      0
>       5   9032    914  99999  99999    325     13   1118    150      0
>       5   8684   1219  99999  99999    300     14   1119    143      0
>       5   8640   1267    -97   -118  99999  99999   1119    142      0
>       4   8500   1393    -81    -99    335      9   1120    142      0
>       5   8470   1420    -81   -100  99999  99999   1120    142      0
>       5   8355   1524  99999  99999      5      7   1120    144      0
>       5   8034   1829  99999  99999      0      0   1121    147      0
>       5   7940   1924    -65   -135  99999  99999   1122    147      0
>       5   7790   2073    -69   -139  99999  99999   1122    147      0
>       5   7726   2134  99999  99999    140      1   1122    147      0
>       5   7428   2438  99999  99999    170      6   1123    145      0
>       5   7139   2743  99999  99999    155      5   1124    142      0
>       4   7000   2901   -105   -215    165      7   1125    141      0
>       5   6410   3573   -147   -247  99999  99999   1127    107      0
>       5   6333   3658  99999  99999    170     13   1127     95      0
>       5   5960   4122   -167   -347  99999  99999   1129     33      0
>       5   5841   4267  99999  99999    185     22   1129     25      0
>       5   5381   4877  99999  99999    185     32   1132     13      1
>       5   5180   5163   -225   -395  99999  99999   1132     10      2
>       4   5000   5421   -243   -373    175     38   1133      7      2
>       5   4960   5480   -247   -367  99999  99999   1133      7      2
>       5   4660   5931   -271   -401  99999  99999   1135      4      3
>       5   4580   6056   -279   -399  99999  99999   1135      4      3
>       5   4548   6096  99999  99999    185     45   1136      4      4
>       5   4530   6134   -285   -415  99999  99999   1136      4      4
>       5   4290   6522   -313   -423  99999  99999   1137      4      5
>       5   4150   6756   -327   -487  99999  99999   1138      4      5
>       4   4000   7014   -345   -435    180     59   1139      3      6
>       5   3828   7315  99999  99999    180     59   1140      3      7
>       5   3663   7620  99999  99999    185     61   1141      3      8
>       5   3560   7817   -407   -457  99999  99999   1141      3      9
>       5   3348   8230  99999  99999    185     64   1143      3     10
>       5   3199   8534  99999  99999    180     58   1144      3     11
>       4   3000   8963   -481   -581    180     67   1145      2     13
>       5   2960  99999  99999  99999    180     69   1145      2     13
>       5   2917   9144  99999  99999    180     68   1146      2     14
>       5   2700   9654   -505   -605    180     61   1147      2     15
>       4   2500  10158   -483   -603    175     49   1149      2     17
>       5   2370  10510   -469   -599  99999  99999   1150      1     18
>       5   2312  10668  99999  99999    175     46   1151      1     18
>       4   2000  11638   -453   -623    185     27   1154      1     20
>       5   1924  11887  99999  99999    185     24   1155      1     21
>       5   1570  13253   -451   -671  99999  99999   1159      1     22
>       5   1510  13513   -457   -687  99999  99999   1200      1     22
>       4   1500  13557   -457   -687    160     10   1200      1     22
>       5   1463  13716  99999  99999    160     10   1200      1     22
>       5   1200  15038   -469   -739  99999  99999   1204      0     23
>       5   1163  15240  99999  99999    210      9   1205      1     23
>       5   1130  15437   -463   -743  99999  99999   1206      1     23
>       5   1111  15545  99999  99999    160     10   1206      1     23
>       5   1070  15799   -469   -759  99999  99999   1207      1     23
>       5   1020  16116   -463   -763  99999  99999   1208      1     23
>       4   1000  16248   -463   -763    195      9   1208      1     23
>       5    984  16355   -463   -763  99999  99999   1209      1     23
>       5    937  16679   -469   -769  99999  99999   1210      1     23
>       5    924  16764  99999  99999    175      4   1210      1     24
>       5    920  16800   -469   -769  99999  99999   1210      1     24
>       5    843  17374  99999  99999    200      6   1212      1     24
>       5    800  17725   -475   -765  99999  99999   1213      1     24
>       5    790  17808   -475   -765  99999  99999   1214      1     24
>       5    769  17983  99999  99999    150      7   1214      1     24
>       5    748  18169   -473   -763  99999  99999   1215      1     24
>       5    734  18288  99999  99999    185      7   1215      1     24
>       5    721  18412   -473   -763  99999  99999   1216      1     24
>       4    701  18598   -471   -771  99999  99999   1216      1     24
>       4    700  18607   -471   -771    190      6   1216      1     24
>       5    669  18898  99999  99999    160      2   1217      1     24
>       5    653  19067   -469   -759  99999  99999   1218      1     24
>       5    604  19583   -479   -769  99999  99999   1220      1     24
>       5    601  19615   -479   -769  99999  99999   1220      1     24
>       5    589  19748   -477   -767  99999  99999   1220      1     24
>       5    583  19812  99999  99999    210      5   1220      1     24
>       5    522  20546   -475   -765  99999  99999   1223      1     25
>       4    507  20726  99999  99999    205      6   1223      1     25
>       4    500  20830   -477   -757    175      8   1224      1     25
>       5    484  21044   -483   -763  99999  99999   1224      1     25
>       5    462  21336  99999  99999    170      5   1225      1     25
>       5    432  21793   -477   -757  99999  99999   1227      1     25
>       5    424  21916   -475   -755  99999  99999   1227      1     25
>       5    422  21946  99999  99999    200     12   1227      1     25
>       5    386  22537   -469   -749  99999  99999   1229      1     25
>       5    357  23054   -475   -755  99999  99999   1231      1     26
>       5    351  23166   -475   -755  99999  99999   1231      1     26
>       5    343  23318   -473   -753  99999  99999   1232      1     26
>       5    335  23470  99999  99999    130      9   1232      1     26
>       5    334  23494   -473   -753  99999  99999   1233      1     26
>       5    325  23674   -475   -755  99999  99999   1233      1     26
>       5    312  23944   -475   -755  99999  99999   1234      0     26
>       5    304  24116   -475   -755  99999  99999   1235      0     26
>       5    300  24203   -475   -755    145     10   1235      0     26
>       5    291  24384  99999  99999    125      6   1236      0     26
>       5    285  24542   -473   -753  99999  99999   1236      0     26
>       5    278  24706   -471   -751  99999  99999   1237      0     26
>       5    276  24754   -471   -751  99999  99999   1237      0     26
>       5    266  24994  99999  99999    135      5   1238      0     26
>       5    258  25200   -477   -747  99999  99999   1238      0     26
>       5    231  25908  99999  99999    350      5   1241      0     26
>       5    222  26193   -471   -741  99999  99999   1242      0     26
>       5    212  26498   -469   -739  99999  99999   1243      0     26
>       5    211  26518  99999  99999     25      3   1243      0     26
>       5    200  26884   -463   -733    220     12   1244      0     26
>       5    193  27127  99999  99999    210     12   1245      0     26
>       5    187  27330   -465   -735  99999  99999   1245      0     26
>       5    184  27432  99999  99999    225     10   1246      0     26
>       5    176  27732   -467   -737  99999  99999   1247      0     27
>       5    152  28706   -459   -719  99999  99999   1250      1     27
>       5    151  28749   -459   -729  99999  99999   1250      1     27
>       5    145  29019   -459   -719  99999  99999   1251      1     26
>       5    140  29261  99999  99999    355      9   1252      1     26
>       5    135  29495   -453   -713  99999  99999   1253      1     26
>       5    134  29566  99999  99999     15      6   1253      1     26
>       5    128  29870  99999  99999    210      1   1254      1     26
>       5    116  30507   -451   -711     55      8   1256      1     26
>       5    110  30863   -439   -709  99999  99999   1257      0     26
>       4    102  31394  99999  99999    150     14   1259      0     26
>       4    100  31503   -435   -695    325      5   1259      0     26
>       5     93  32004  99999  99999    340      5   1261      0     26
>       5     91  32137   -433   -693  99999  99999   1261      0     26
>       5     85  32614  99999  99999    180      5   1263      0     26
>       5     77  33223  99999  99999    230      2   1265      0     26
>       5     76  33356   -405   -675  99999  99999   1265      0     26
>       5     74  33528  99999  99999    335      3   1266      0     26
>       5     70  33919   -385   -665    275     12   1267      1     26
>       5     69  34018   -383   -653  99999  99999   1268      1     26
>       5     68  34118   -385   -655  99999  99999   1268      1     26
>       5     65  34428   -391   -671  99999  99999   1269      1     26
> RAOB sounding valid at:
>    RAOB     12     31    AUG   2022
40343,40478d40296
<       1  99999  71917 80.00N 85.93W     10      0
<       2  99999  99999  99999  99999  99999  99999
<       3           YEU                99999     kt
<       9  10120     10     -3    -20    285     12   1115    359      0
<       4  10000    105     -7    -34    290     15   1116    108      0
<       5   9930    161    -11    -45  99999  99999   1116    109      0
<       5   9749    305  99999  99999    285      7   1116    108      0
<       5   9390    605    -35    -56  99999  99999   1117    113      0
<       5   9381    610  99999  99999     10      3   1117    113      0
<       5   9320    665    -39    -61  99999  99999   1118    114      0
<       4   9250    724    -39    -64    295      5   1118    115      0
<       5   9160    801    -35    -64  99999  99999   1118    115      0
<       5   9080    870    -39    -70  99999  99999   1118    116      0
<       5   9026    914  99999  99999     20      2   1119    117      0
<       5   8760   1153    -49    -87  99999  99999   1119    114      0
<       5   8684   1219  99999  99999    205      6   1120    110      0
<       4   8500   1389    -69    -99    215      8   1120     98      0
<       5   8354   1524  99999  99999    215      8   1121     90      0
<       5   8032   1829  99999  99999    130      7   1122     74      0
<       5   7770   2083   -119   -134  99999  99999   1122     60      0
<       5   7719   2134  99999  99999    145      6   1123     57      0
<       5   7700   2153   -103   -112  99999  99999   1123     55      0
<       5   7650   2203    -93   -104  99999  99999   1123     52      0
<       5   7421   2438  99999  99999    175      6   1124     41      0
<       5   7132   2743  99999  99999     85      5   1125     30      0
<       4   7000   2885   -127   -237    155      4   1125     26      0
<       5   6970   2917   -129   -239  99999  99999   1125     25      0
<       5   6770   3139   -129   -259  99999  99999   1126     22      0
<       5   6324   3658  99999  99999    245      7   1128     28      0
<       5   6320   3661   -157   -267  99999  99999   1128     28      0
<       5   6020   4026   -177   -307  99999  99999   1129     37      0
<       5   5830   4267  99999  99999    315      5   1130     42      0
<       5   5367   4877  99999  99999    300      7   1132     59      0
<       5   5146   5182  99999  99999    280     10   1133     67      0
<       4   5000   5385   -285   -335    300      7   1133     71      0
<       5   4710   5810   -315   -355  99999  99999   1135     79      0
<       5   4526   6096  99999  99999    315      8   1136     85      1
<       4   4000   6949   -387   -457    315     10   1139     99      1
<       5   3910   7105   -399   -469  99999  99999   1139    101      1
<       5   3650   7571   -431   -501  99999  99999   1141    108      1
<       5   3624   7620  99999  99999    340     10   1141    108      1
<       5   3014   8839  99999  99999    285      8   1145    115      2
<       4   3000   8875   -489   -569    300      8   1145    115      2
<       5   2980   8919   -491   -571  99999  99999   1145    115      2
<       5   2877   9144  99999  99999    300      7   1146    115      2
<       5   2870   9165   -499   -579    310      8   1146    115      2
<       5   2624   9754  99999  99999    325      5   1148    117      2
<       4   2500  10079   -439   -559    300      6   1149    118      2
<       5   2397  10363  99999  99999    225      4   1150    117      2
<       5   2291  10668  99999  99999    230      5   1151    116      2
<       5   2220  10879   -419   -559  99999  99999   1152    115      2
<       5   2190  10973  99999  99999    200      2   1152    114      2
<       5   2094  11278  99999  99999    280      2   1153    114      2
<       5   2030  11484   -429   -589  99999  99999   1154    113      2
<       4   2000  11584   -427   -597    210      7   1154    113      2
<       5   1827  12192  99999  99999    180      6   1156    108      2
<       5   1746  12497  99999  99999    285      2   1157    107      2
<       5   1669  12802  99999  99999    120      4   1158    107      2
<       4   1500  13516   -447   -667    225      7   1200    104      2
<       5   1457  13716  99999  99999    230      7   1200    102      2
<       5   1330  14317   -465   -705  99999  99999   1202     98      2
<       5   1280  14571   -463   -703  99999  99999   1203     96      2
<       5   1210  14944   -469   -729  99999  99999   1204     94      2
<       5   1158  15240  99999  99999    210      7   1205     92      2
<       5   1106  15545  99999  99999     95      5   1206     91      2
<       5   1056  15850  99999  99999    205      7   1207     90      2
<       5   1020  16073   -479   -769  99999  99999   1208     89      2
<       4   1000  16203   -477   -777    260      8   1209     88      3
<       5    966  16432   -469   -769  99999  99999   1209     88      3
<       5    963  16459  99999  99999    245      8   1209     88      3
<       5    953  16522   -467   -767  99999  99999   1210     88      3
<       5    801  17678  99999  99999    150      7   1213     82      3
<       5    794  17729   -475   -765  99999  99999   1214     82      3
<       5    765  17983  99999  99999    250      6   1214     81      3
<       5    757  18045   -475   -775  99999  99999   1215     81      3
<       5    730  18288  99999  99999    275      7   1215     81      3
<       4    700  18561   -481   -781    325      5   1216     82      3
<       5    697  18593  99999  99999    200      5   1216     82      3
<       5    682  18732   -483   -773  99999  99999   1217     81      3
<       5    678  18771   -483   -773  99999  99999   1217     81      3
<       5    639  19162   -475   -775  99999  99999   1218     79      3
<       5    606  19507  99999  99999    190      7   1219     77      3
<       5    602  19555   -477   -767  99999  99999   1220     77      3
<       5    584  19756   -473   -773  99999  99999   1220     76      3
<       5    579  19812  99999  99999     90      7   1221     76      3
<       5    571  19905   -471   -761  99999  99999   1221     76      3
<       5    523  20485   -479   -769  99999  99999   1223     76      3
<       4    500  20781   -481   -771     15      4   1224     77      3
<       5    488  20941   -481   -771  99999  99999   1224     78      3
<       5    471  21175   -477   -767  99999  99999   1225     78      3
<       5    460  21336  99999  99999     65      5   1226     79      3
<       5    457  21374   -479   -759  99999  99999   1226     79      3
<       5    439  21641  99999  99999    140      2   1227     79      3
<       5    433  21730   -473   -763  99999  99999   1227     78      3
<       5    425  21853   -473   -763  99999  99999   1227     78      3
<       5    400  22250  99999  99999    335      4   1229     79      3
<       5    393  22370   -475   -755  99999  99999   1229     80      3
<       5    389  22438   -477   -757  99999  99999   1229     80      3
<       5    348  23165  99999  99999     25      3   1232     82      3
<       5    333  23470  99999  99999    100      3   1233     82      3
<       5    320  23723   -489   -759  99999  99999   1234     82      3
<       5    310  23931   -491   -771  99999  99999   1234     82      3
<       5    300  24146   -487   -767    115      3   1235     82      3
<       5    292  24324   -483   -763  99999  99999   1236     82      2
<       5    290  24384  99999  99999     30      5   1236     82      2
<       5    266  24939   -473   -753  99999  99999   1238     83      2
<       5    264  24994  99999  99999     85      3   1238     83      2
<       5    249  25377   -463   -743  99999  99999   1239     83      2
<       5    241  25603  99999  99999      0      3   1240     84      2
<       5    210  26518  99999  99999    230      7   1243     84      2
<       5    200  26828   -475   -745    270      9   1244     83      3
<       5    183  27432  99999  99999    315      7   1246     85      3
<       5    178  27597   -475   -745  99999  99999   1246     86      3
<       5    166  28059   -467   -737  99999  99999   1248     85      3
<       5    152  28651  99999  99999    175     15   1250     80      3
<       5    146  28910   -469   -729  99999  99999   1251     77      3
<       5    132  29566  99999  99999    285      6   1253     75      3
<       5    131  29631   -451   -721  99999  99999   1253     75      3
<       5    126  29870  99999  99999      5      4   1254     75      3
<       5    118  30329   -443   -713  99999  99999   1256     77      3
<       5    115  30480  99999  99999    275      5   1256     77      3
<       5    110  30800   -435   -705  99999  99999   1257     78      3
<       4    100  31441   -435   -705    290     14   1259     80      4
<       5     96  31699  99999  99999    265     18   1260     81      4
<       5     91  32076   -427   -697  99999  99999   1261     82      4
<       5     88  32309  99999  99999    340      8   1262     83      4
<       5     86  32458   -421   -691  99999  99999   1263     84      4
<       5     81  32864   -415   -685  99999  99999   1264     85      4
<       5     80  32918  99999  99999     45      7   1264     85      4
<       5     77  33207   -419   -689  99999  99999   1265     85      4
<       5     74  33528  99999  99999    175     11   1266     84      4
<       5     70  33854   -407   -677    330      7   1267     83      4
<       5     64  34464   -401   -671    355      4   1269     85      4
<       5     60  34907   -381   -661  99999  99999   1271     87      4
< RAOB sounding valid at:
<    RAOB     12     31    AUG   2022
62966,63084d62783
<       1  99999  87623 36.57S 64.27W    191      0
<       2  99999  99999  99999  99999  99999  99999
<       3          SAZR                99999     kt
<       4  10000    126  99999  99999  99999  99999   1145    359      0
<       9   9920    191     26      8     50      5   1145    359      0
<       5   9850    249     48     23  99999  99999   1146    214      0
<       5   9788    300  99999  99999     25     15   1146    211      0
<       5   9740  99999  99999  99999     15     16   1146    207      0
<       5   9710  99999  99999  99999     10     15   1146    204      0
<       5   9650    416     64    -16  99999  99999   1146    198      0
<       5   9580    476     78    -32  99999  99999   1146    191      0
<       5   9540  99999  99999  99999    310     11   1147    187      0
<       5   9520    528    128    -52  99999  99999   1147    184      0
<       5   9510    537    132    -58  99999  99999   1147    183      0
<       5   9480  99999  99999  99999    295     10   1147    180      0
<       5   9440    600  99999  99999    295      9   1147    175      0
<       5   9300    726    166    -64  99999  99999   1147    163      0
<       4   9250    771    164    -66    275      6   1147    160      0
<       5   9112    900  99999  99999    270      4   1148    153      0
<       5   9070  99999  99999  99999    265      3   1148    151      0
<       5   8570  99999  99999  99999    300     10   1150    137      0
<       4   8500   1482    108    -82    295      9   1150    135      0
<       5   8484   1500  99999  99999    300     10   1150    135      0
<       5   8090   1892     82    -98  99999  99999   1151    131      0
<       5   7891   2100  99999  99999    305      4   1152    130      0
<       5   7830   2161     90   -220  99999  99999   1152    130      0
<       5   7609   2400  99999  99999    305      7   1153    130      0
<       5   7350   2683     86   -264  99999  99999   1154    130      0
<       4   7000   3084     54   -316     75      4   1155    133      0
<       5   6569   3600  99999  99999    250      2   1157    135      0
<       5   6510  99999  99999  99999    250      2   1157    134      0
<       5   6091   4200  99999  99999    270     11   1159    126      0
<       5   6070  99999  99999  99999    270     12   1159    125      0
<       5   5970   4356    -57   -257  99999  99999   1159    123      1
<       5   5863   4500  99999  99999    305     22   1200    123      1
<       5   5790  99999  99999  99999    305     22   1200    123      1
<       5   5641   4800  99999  99999    310     33   1200    124      1
<       5   5560  99999  99999  99999    310     33   1200    124      1
<       4   5000   5718   -159   -339    300     33   1203    124      3
<       5   4817   6000  99999  99999    295     37   1204    123      3
<       5   4660   6244   -201   -411  99999  99999   1205    122      4
<       5   4626   6300  99999  99999    290     45   1205    122      4
<       5   4610  99999  99999  99999    290     45   1205    122      4
<       5   4570   6388   -205   -445  99999  99999   1205    121      4
<       5   4200   7007   -249   -459  99999  99999   1207    119      6
<       5   4092   7200  99999  99999    300     40   1208    119      6
<       5   4020  99999  99999  99999    300     40   1208    119      6
<       4   4000   7359   -277   -397    300     41   1208    119      7
<       5   3900   7541   -291   -401  99999  99999   1209    119      7
<       5   3780   7763   -309   -358  99999  99999   1210    119      8
<       5   3610   8100  99999  99999    300     59   1211    119      9
<       5   3458   8400  99999  99999    300     64   1212    119     10
<       5   3430   8446   -353   -385    300     64   1212    119     10
<       5   3060   9229   -425   -449  99999  99999   1215    119     13
<       4   3000   9362   -437   -458    295     65   1215    119     13
<       5   2940   9497   -449   -463  99999  99999   1216    119     14
<       4   2500  10558   -545   -587    290     68   1219    117     17
<       5   2440  10713   -555   -585    285     74   1220    117     18
<       5   2430  10739   -555   -581    285     75   1220    117     18
<       5   2408  10800  99999  99999    285     75   1220    117     18
<       5   2400  10818   -543   -703  99999  99999   1220    117     18
<       5   2370  10899   -533   -763  99999  99999   1220    116     19
<       4   2000  11990   -537   -787    290     69   1224    115     23
<       5   1658  13200  99999  99999    290     74   1228    114     28
<       5   1640  99999  99999  99999    290     74   1228    114     28
<       5   1550  13638   -509   -829  99999  99999   1229    113     29
<       5   1512  13800  99999  99999    265     55   1230    113     30
<       4   1500  13851   -519   -829    265     58   1230    113     30
<       5   1480  99999  99999  99999    265     55   1230    112     30
<       5   1377  14400  99999  99999    280     38   1232    112     31
<       5   1370  99999  99999  99999    280     38   1232    112     31
<       5   1314  14700  99999  99999    290     43   1233    112     32
<       5   1290  99999  99999  99999    290     43   1233    112     32
<       5   1210  99999  99999  99999    280     57   1235    111     33
<       5   1200  15273   -587   -857    280     57   1235    111     34
<       5   1195  15300  99999  99999    280     57   1235    111     34
<       5   1139  15600  99999  99999    265     45   1236    111     34
<       5   1130  99999  99999  99999    265     45   1236    111     35
<       4   1000  16418   -587   -867    270     40   1239    110     36
<       5    987  16500  99999  99999    270     41   1239    109     36
<       5    941  16800  99999  99999    285     26   1240    109     37
<       5    933  99999  99999  99999    285     26   1240    109     37
<       5    908  99999  99999  99999    295     29   1241    109     37
<       5    897  17100  99999  99999    295     29   1241    109     37
<       5    854  17400  99999  99999    290     43   1242    109     38
<       5    845  99999  99999  99999    290     43   1242    109     38
<       5    841  17494   -627   -887  99999  99999   1242    109     38
<       5    814  17700  99999  99999    270     37   1243    109     39
<       5    804  99999  99999  99999    270     37   1243    109     39
<       5    784  17929   -601   -891  99999  99999   1244    109     39
<       5    776  18000  99999  99999    280     33   1244    109     39
<       5    764  99999  99999  99999    280     33   1244    109     39
<       5    739  18300  99999  99999    260     21   1245    109     40
<       5    723  99999  99999  99999    260     21   1245    109     40
<       4    706  18577   -635   -895  99999  99999   1246    109     40
<       4    704  18600  99999  99999    275     19   1246    109     40
<       4    700  18630   -631   -891    275     18   1246    109     40
<       5    697  99999  99999  99999    275     19   1246    109     40
<       5    679  18818   -607   -897  99999  99999   1247    108     40
<       5    670  18900  99999  99999    255     19   1247    108     40
<       5    668  99999  99999  99999    255     19   1247    108     40
<       5    609  19500  99999  99999    245     10   1249    108     41
<       5    606  99999  99999  99999    245     10   1249    108     41
<       5    592  99999  99999  99999    255      6   1249    108     41
<       5    580  19800  99999  99999    255      6   1250    108     41
<       5    536  99999  99999  99999    320     10   1252    108     41
<       5    527  20400  99999  99999    325     14   1252    108     41
<       5    517  99999  99999  99999    325     14   1252    108     41
<       4    506  99999  99999  99999    315     16   1253    108     41
<       4    502  20700  99999  99999    315     16   1253    108     41
<       4    500  20725   -597   -887    305     15   1253    108     41
<       5    479  21000  99999  99999    315     12   1254    108     41
<       5    478  99999  99999  99999    315     12   1254    108     41
<       5    432  21642   -579   -879  99999  99999   1256    108     42
<       5    415  21900  99999  99999      0      0   1257    108     42
<       5    409  99999  99999  99999      0      0   1257    108     42
<       5    403  22080   -585   -875    225      2   1257    108     42
< RAOB sounding valid at:
<    RAOB     12     31    AUG   2022
67650d67348
<       5    977  16698   -819   -849  99999  99999   1230    262     13
67652,67653d67349
<       5    937  99999  99999  99999     90     43   1231    262     14
<       5    910  17102   -759   -809  99999  99999   1231    262     14
67655,67665c67351,67352
<       5    905  99999  99999  99999     80     37   1231    262     14
<       5    891  99999  99999  99999     85     42   1232    262     15
<       5    874  17337   -725   -772  99999  99999   1232    262     15
<       5    864  17400  99999  99999    110     33   1232    262     15
<       5    862  99999  99999  99999    105     34   1232    262     15
<       5    820  17700  99999  99999    110     32   1233    263     16
<       5    801  17846   -753   -788  99999  99999   1234    264     16
<       5    798  99999  99999  99999    105     30   1234    264     16
<       5    795  17889   -755   -790  99999  99999   1234    264     16
<       5    746  99999  99999  99999     85     25   1235    264     16
<       5    725  99999  99999  99999     75     30   1236    264     17
---
>       5    862  17400  99999  99999    110     33   1232    263     15
>       5    818  17700  99999  99999    110     32   1233    263     15
67667,67678c67354
<       4    700  18638   -685   -795     85     29   1236    264     17
<       5    678  18831   -663   -783  99999  99999   1237    264     17
<       5    673  99999  99999  99999     90     21   1237    264     17
<       5    658  99999  99999  99999     90     18   1238    264     17
<       5    650  19085   -669   -799  99999  99999   1238    264     17
<       5    646  19123   -667   -787  99999  99999   1238    264     18
<       5    640  99999  99999  99999     90     25   1238    264     18
<       5    636  19200  99999  99999     90     25   1238    264     18
<       5    623  19342   -671   -811  99999  99999   1239    264     18
<       5    605  19500  99999  99999     80     24   1239    264     18
<       5    604  99999  99999  99999     85     29   1239    264     18
<       5    596  19610   -659   -749     80     24   1240    264     18
---
>       4    700  18632   -685   -795     85     29   1236    264     17
67753d67428
<       5    992  16579   -801   -823  99999  99999   1228    264     14
67755,67792c67430,67443
<       5    820  17700  99999  99999    100     28   1231    266     17
<       5    809  17759   -707   -787  99999  99999   1232    266     17
<       5    780  99999  99999  99999     85     16   1232    266     18
<       5    779  18000  99999  99999     85     16   1232    266     18
<       5    745  18246   -719   -809  99999  99999   1233    266     18
<       5    723  99999  99999  99999     85     34   1234    266     18
<       4    700  18615   -697   -797     95     32   1235    266     19
<       5    517  99999  99999  99999     75      9   1241    266     21
<       4    508  99999  99999  99999     40      3   1241    266     21
<       4    500  20670   -591   -771    275      5   1241    266     21
<       5    499  20700  99999  99999     40      3   1241    266     21
<       5    480  20926   -587   -767  99999  99999   1242    266     21
<       5    476  21000  99999  99999    280     14   1242    266     21
<       5    432  21600  99999  99999    280     33   1244    265     20
<       5    425  99999  99999  99999    280     33   1245    265     20
<       5    409  99999  99999  99999    275     29   1246    265     19
<       5    394  22154   -627   -827  99999  99999   1246    265     19
<       5    356  22800  99999  99999    260     18   1248    265     18
<       5    340  99999  99999  99999    240     13   1249    265     18
<       5    309  99999  99999  99999    250     26   1251    266     17
<       5    300  23861   -557   -827    255     29   1252    266     17
<       5    272  99999  99999  99999    260     41   1254    267     16
<       5    268  24600  99999  99999    260     41   1254    267     16
<       5    233  25500  99999  99999    265     17   1257    267     14
<       5    227  25657   -503   -833  99999  99999   1258    267     14
<       5    216  99999  99999  99999    265     38   1259    267     13
<       5    213  26100  99999  99999    265     38   1259    267     13
<       5    200  26484   -497   -827    265     39   1261    268     12
<       5    183  27066   -493   -813  99999  99999   1263    267     11
<       5    170  27548   -501   -821  99999  99999   1264    266     10
<       5    161  27900  99999  99999    300     26   1265    265     10
<       5    158  28028   -479   -809  99999  99999   1266    264     10
<       5    153  99999  99999  99999    340     20   1267    263     10
<       5    150  28370   -487   -817  99999  99999   1267    262     10
<       5    147  99999  99999  99999     15     26   1268    262     10
<       5    141  28800  99999  99999     30     18   1268    260     10
<       5    139  99999  99999  99999     30     18   1269    260     10
<       5    135  29065   -471   -581     60     16   1269    259     10
---
>       5    819  17700  99999  99999    100     28   1231    266     17
>       5    778  18000  99999  99999     85     16   1232    266     18
>       4    700  18605   -697   -797     95     32   1235    266     18
>       4    500  20661   -591   -771    275      5   1241    267     20
>       5    499  20700  99999  99999     40      3   1241    267     20
>       5    476  21000  99999  99999    280     14   1242    266     20
>       5    432  21600  99999  99999    280     33   1244    266     19
>       5    356  22800  99999  99999    260     18   1248    265     17
>       5    340  23100  99999  99999    230     18   1249    266     17
>       5    300  23886   -557   -827    255     29   1252    267     16
>       5    268  24600  99999  99999    260     41   1254    268     15
>       5    233  25500  99999  99999    265     17   1257    268     13
>       5    212  26100  99999  99999    265     38   1259    269     13
>       5    200  26502   -497   -827    265     39   1261    269     12
67872,67875c67523
<       5    839  99999   -705  99999  99999  99999   1229    266     17
<       5    783  18000  99999  99999     80     13   1231    266     17
<       5    777  99999  99999  99999     80     13   1231    266     17
<       5    753  99999   -739  99999  99999  99999   1231    266     17
---
>       5    781  18000  99999  99999     80     13   1231    266     17
67877d67524
<       5    621  99999  99999  99999    105     38   1235    267     19
67879d67525
<       5    532  99999  99999  99999    100     15   1238    268     21
67881d67526
<       5    512  99999   -595  99999  99999  99999   1239    268     21
67883,67885d67527
<       5    466  99999   -609  99999  99999  99999   1241    268     21
<       5    438  99999   -601  99999  99999  99999   1242    267     21
<       5    399  99999   -619  99999  99999  99999   1244    267     21
67887,67888c67529,67530
<       5    340  23100  99999  99999    225     10   1248    267     21
<       5    300  23900   -557  99999    255     24   1250    268     20
---
>       5    341  23100  99999  99999    225     10   1248    267     21
>       5    300  23900   -557  99999    255     24   1250    267     20
67890,67892c67532
<       5    281  99999   -541  99999  99999  99999   1252    268     20
<       5    269  24600  99999  99999    265     23   1253    268     19
<       5    256  99999   -547  99999  99999  99999   1254    268     19
---
>       5    269  24600  99999  99999    265     23   1253    268     20
67894,67896d67533
<       5    235  99999  99999  99999    270     27   1256    268     18
<       5    230  99999   -501  99999  99999  99999   1256    268     18
<       5    226  99999  99999  99999    270     16   1256    268     18
67898d67534
<       5    205  99999  99999  99999    270     26   1259    268     17
67900,67911d67535
<       5    197  99999  99999  99999    265     23   1259    268     17
<       5    190  99999   -483  99999  99999  99999   1260    268     16
<       5    188  99999  99999  99999    285     35   1260    268     16
<       5    181  99999  99999  99999    300     34   1261    267     16
<       5    173  99999  99999  99999    305     28   1262    266     15
<       5    170  27600  99999  99999    325     26   1263    265     15
<       5    152  99999  99999  99999    320     16   1265    263     15
<       5    148  28500  99999  99999    350     22   1266    262     15
<       5    145  99999   -523  99999  99999  99999   1266    262     15
<       5    144  99999  99999  99999      5     26   1266    261     15
<       5    141  28800  99999  99999     30     28   1267    261     15
<       5    136  99999   -507  99999     45     25   1267    260     15
