 10180      4    230    180     90      3   1105    359      0
 10140     38    232    172  99999  99999   1105    274      0
 10000    160    224    164    110     10   1106    285      0
  9830    305  99999  99999    115     18   1106    290      0
  9489    610  99999  99999    120     19   1107    295      0
  9250    832    164    140    125     17   1108    297      0
  9157    914  99999  99999    130     17   1108    298      0
  9100    971    152    136  99999  99999   1109    299      0
  8834   1219  99999  99999    150     16   1109    303      1
  8600   1448    121    100  99999  99999   1110    307      1
  8519   1524  99999  99999    145     17   1110    308      1
  8500   1546    120     74    145     17   1110    308      1
  8450   1596    118     68  99999  99999   1111    309      1
  8400   1645    131     10  99999  99999   1111    309      1
  8240   1807    144   -166  99999  99999   1111    310      1
  8216   1829  99999  99999    135     15   1111    310      1
  7950   2109    146   -314  99999  99999   1112    311      1
  7924   2134  99999  99999    130     12   1112    311      1
  7642   2438  99999  99999     80      4   1113    310      1
  7368   2743  99999  99999     80      6   1114    308      1
  7070   3089     96   -384  99999  99999   1116    305      2
  7000   3171     90   -330     70      8   1116    304      2
  6880   3313     78   -272  99999  99999   1116    303      2
  6850   3349     74   -116  99999  99999   1116    302      2
  6680   3555     56    -84  99999  99999   1117    300      2
  6595   3658  99999  99999     75      9   1117    300      2
  6500   3778     40    -90  99999  99999   1118    299      2
  6353   3962  99999  99999    275      3   1118    298      2
  6130   4253     24   -176  99999  99999   1119    299      2
  6118   4267  99999  99999    295     12   1120    299      2
  5891   4572  99999  99999    310     15   1121    298      1
  5670   4877  99999  99999    295     17   1122    298      1
  5457   5182  99999  99999    300     10   1123    298      1
  5360   5324    -39   -249  99999  99999   1123    297      1
  5251   5486  99999  99999    335     13   1124    295      1
  5070   5760    -65   -215  99999  99999   1124    291      1
  5050   5791  99999  99999    300     17   1125    290      1
  5000   5869    -69   -299    300     17   1125    290      0
  4930   5978    -77   -307  99999  99999   1125    289      0
  4857   6096  99999  99999    295     17   1126    288      0
  4668   6401  99999  99999    285     16   1127    286      0
  4380   6885   -153   -303  99999  99999   1128    118      0
  4000   7562   -213   -259    295     30   1130    113      1
  3990   7580   -213   -258  99999  99999   1131    113      1
  3968   7620  99999  99999    290     30   1131    113      1
  3499   8534  99999  99999    285     31   1134    109      2
  3420   8697   -301   -361  99999  99999   1134    109      2
  3210   9144  99999  99999    280     37   1136    107      3
  3150   9277   -351   -431  99999  99999   1136    107      4
  3000   9614   -379   -429    280     41   1137    106      4
  2810  10058  99999  99999    275     46   1139    104      5
  2750  10207   -427   -468  99999  99999   1139    103      6
  2610  10560   -419   -609  99999  99999   1140    103      7
  2568  10668  99999  99999    280     66   1141    102      7
  2500  10850   -443   -503    285     66   1141    102      8
  2490  10877   -447   -507  99999  99999   1142    102      8
  2420  11067   -459   -529  99999  99999   1142    103      9
  2320  11348   -453   -703  99999  99999   1143    103     10
  2240  11582  99999  99999    285     97   1144    103     11
  2000  12320   -535   -685    285     95   1146    103     15
  1690  99999  99999  99999    290     97   1150    104     21
  1682  13411  99999  99999    290     97   1150    104     21
  1610  13679   -649   -759  99999  99999   1151    105     22
  1500  14108   -663   -803    285     74   1152    105     24
  1447  14326  99999  99999    280     66   1153    105     25
  1330  14838   -657   -817  99999  99999   1155    104     27
  1245  15240  99999  99999    290     55   1156    105     28
  1123  15850  99999  99999    280     40   1158    105     30
  1020  16411   -755   -865    290     38   1200    105     31
  1012  16459  99999  99999    295     38   1200    105     31
  1010  16468   -751   -861  99999  99999   1200    105     31
  1000  16526   -747   -857    290     38   1200    105     31
   863  17374  99999  99999    285     47   1202    105     33
   856  17424   -769   -869  99999  99999   1202    105     33
   781  17954   -743   -863  99999  99999   1204    105     34
   744  18240   -693   -843  99999  99999   1205    105     35
   738  18288  99999  99999    325     15   1205    105     35
   701  18593  99999  99999    315     14   1206    105     35
   700  18602   -705   -855    320     14   1206    105     35
   666  18898  99999  99999     65      5   1207    106     35
   632  19202  99999  99999    200      6   1208    106     35
   601  19504   -719   -869  99999  99999   1209    105     35
   600  19507  99999  99999    280     13   1209    105     35
   568  19839   -681   -861  99999  99999   1210    105     35
   542  20117  99999  99999     80      1   1211    105     35
   515  20422  99999  99999    240      5   1212    105     35
   513  20449   -691   -871  99999  99999   1212    105     35
   500  20603   -677   -867    335      9   1213    105     35
   490  20726  99999  99999    340     10   1213    105     35
   466  21031  99999  99999     20      5   1214    106     35
   460  21109   -641   -871  99999  99999   1215    106     35
   444  21336  99999  99999      0      9   1215    106     35
   422  21641  99999  99999     40     17   1216    106     35
   387  22166   -641   -871  99999  99999   1218    107     35
   382  22250  99999  99999     70      7   1218    107     35
   364  22555  99999  99999    210      1   1219    107     35
   346  22860  99999  99999    300      6   1220    107     35
   339  22989   -577   -867  99999  99999   1221    107     35
   300  23758   -583   -863    320     10   1224    107     36
   286  24079  99999  99999    325     12   1225    107     36
   272  24384  99999  99999    330      7   1226    107     36
   259  24689  99999  99999    275     10   1227    107     36
   235  25298  99999  99999    310     16   1229    107     36
   203  26213  99999  99999    280      8   1232    108     37
   200  26298   -599   -859    275     10   1232    108     37
   184  26818   -607   -867  99999  99999   1234    107     37
   175  27127  99999  99999    245     20   1235    107     38
   167  27432  99999  99999    245     19   1236    107     38
   162  27625   -523   -853  99999  99999   1236    107     38
   159  27737  99999  99999    245     19   1237    106     38
   152  28042  99999  99999    295      7   1238    106     38
   138  28662   -521   -841    270      9   1240    106     38
   118  29688   -463   -823  99999  99999   1243    106     39
   115  29870  99999  99999    285     26   1244    106     40
   110  30175  99999  99999    300     26   1245    106     40
   105  30480  99999  99999    295     22   1246    106     40
   100  30793   -439   -819    275     16   1247    106     41
    96  31090  99999  99999    250     15   1248    106     41
    92  31352   -445   -815  99999  99999   1249    106     41
    91  31394  99999  99999    255     17   1249    106     41
    83  32004  99999  99999    230     29   1251    105     42
