   RAOB     12      8    NOV   2021
   CAPE  99999    CIN  99999  Helic  99999     PW  99999
      1  99999  71917 80.00N 85.93W     10      0
      2  99999  99999  99999  99999  99999  99999
      3          AAAA                99999     kt
      9  10220     10   -275   -299    120      4   1200    359      0
      5  10150     59   -259   -379  99999  99999   1200    359      0
      4  10000    168   -196   -241    125      4   1260     92  10425
      5   9970    191   -190   -232  99999  99999   1200    359      0
      5   9827    305  99999  99999    280      4   1200    359      0
      5   9690    404   -148   -209  99999  99999   1200    359      0
      5   9580    491   -152   -223  99999  99999   1200    359      0
      5   9438    610  99999  99999    345     10   1200    359      0
      4   9250    757   -116   -217    345     19   1260     90  24036
      5   9070    914  99999  99999    345     21   1200    359      0
      5   8950   1010   -106   -247  99999  99999   1200    359      0
      5   8717   1219  99999  99999    345     19   1200    359      0
      5   8620   1299   -100   -221  99999  99999   1200    359      0
      5   8530   1380   -100   -251  99999  99999   1200    359      0
      4   8500   1407   -102   -253      5     20   1260     89  62103
      5   8366   1524  99999  99999      0     19   1200    359      0
      5   8080   1796   -122   -223  99999  99999   1200    359      0
      5   8040   1829  99999  99999     10     23   1200    359      0
      5   7800   2065   -136   -257  99999  99999   1200    359      0
      5   7724   2134  99999  99999    355     22   1200    359      0
      5   7670   2192   -146   -257  99999  99999   1200    359      0
      5   7610   2251   -152   -263  99999  99999   1200    359      0
      5   7419   2438  99999  99999      0     19   1200    359      0
      5   7122   2743  99999  99999      0     23   1200    359      0
      4   7000   2877   -200   -271      0     25   1260     89 149555
      5   6650   3255   -220   -271  99999  99999   1200    359      0
      5   6557   3353  99999  99999    350     27   1200    359      0
      5   6410   3525   -234   -305  99999  99999   1200    359      0
      5   6290   3658  99999  99999      0     29   1200    359      0
      5   6020   3982   -258   -302  99999  99999   1200    359      0
      5   5782   4267  99999  99999    350     24   1200    359      0
      5   5308   4877  99999  99999      5     23   1200    359      0
      5   5140   5108   -335   -415  99999  99999   1200    359      0
      4   5000   5301   -353   -433     15     22   1260     89 295807
      5   4868   5486  99999  99999     15     23   1200    359      0
      5   4610   5861   -397   -467  99999  99999   1200    359      0
      5   4454   6096  99999  99999      5     30   1200    359      0
      5   4258   6401  99999  99999      5     37   1200    359      0
      5   4069   6706  99999  99999      5     41   1200    359      0
      4   4000   6817   -463   -543      5     41   1260     90 386638
      5   3711   7315  99999  99999     10     39   1200    359      0
      5   3541   7620  99999  99999     15     39   1200    359      0
      5   3270   8128   -555   -645  99999  99999   1200    359      0
      5   3080   8507   -581   -661  99999  99999   1200    359      0
      5   3068   8534  99999  99999      5     54   1200    359      0
      4   3000   8672   -593   -683      0     54   1260     89 497240
      5   2920   8839  99999  99999      0     54   1200    359      0
      5   2860   8970   -611   -691  99999  99999   1200    359      0
      5   2780   9144  99999  99999      0     53   1200    359      0
      5   2740   9235   -631   -711  99999  99999   1200    359      0
      5   2710   9302   -631   -711  99999  99999   1200    359      0
      5   2600   9557   -641   -721    355     30   1200    359      0
      5   2550   9675   -639   -719  99999  99999   1200    359      0
      5   2540   9699   -639   -719  99999  99999   1200    359      0
      5   2518   9754  99999  99999    345     30   1200    359      0
      4   2500   9797   -641   -721    335     27   1260     90 564753
      5   2397  10058  99999  99999    340     24   1200    359      0
      5   2350  10178   -613   -693  99999  99999   1200    359      0
      5   2282  10363  99999  99999    330     14   1200    359      0
      5   2280  10365   -619   -699  99999  99999   1200    359      0
      5   2240  10475   -613   -703  99999  99999   1200    359      0
      5   2173  10668  99999  99999    300     17   1200    359      0
      5   2160  10701   -595   -685  99999  99999   1200    359      0
      5   2070  10973  99999  99999    290     23   1200    359      0
      5   2030  11090   -585   -675  99999  99999   1200    359      0
      4   2000  11184   -587   -677    325     24   1260     90 645211
      5   1972  11278  99999  99999    325     28   1200    359      0
      5   1930  11407   -591   -681  99999  99999   1200    359      0
      5   1791  11887  99999  99999    275     29   1200    359      0
      5   1740  12063   -549   -729  99999  99999   1200    359      0
      5   1627  12497  99999  99999    290     19   1200    359      0
      5   1580  12674   -581   -771  99999  99999   1200    359      0
      5   1550  12795   -577   -777    270     19   1260     90 740397
      5   1530  12877   -579   -779  99999  99999   1200    359      0
      4   1500  13002   -577   -787    280     28   1260     89 756614
      5   1480  13086   -569   -779  99999  99999   1200    359      0
      5   1475  13106  99999  99999    280     28   1200    359      0
      5   1430  13304   -575   -795  99999  99999   1200    359      0
      5   1410  13393   -575   -795  99999  99999   1200    359      0
      5   1406  13411  99999  99999    285     22   1200    359      0
      5   1339  13716  99999  99999    265     28   1200    359      0
      5   1320  13807   -589   -819  99999  99999   1200    359      0
      5   1270  14050   -585   -825  99999  99999   1200    359      0
      5   1260  14099   -585   -805  99999  99999   1200    359      0
      5   1240  14200   -575   -825  99999  99999   1200    359      0
      5   1215  14326  99999  99999    275     34   1200    359      0
      5   1200  14407   -583   -843  99999  99999   1200    359      0
      5   1170  14566   -577   -837  99999  99999   1200    359      0
      5   1158  14630  99999  99999    270     23   1200    359      0
      5   1090  15012   -583   -863  99999  99999   1200    359      0
      5   1070  15129   -583   -863  99999  99999   1200    359      0
      5   1052  15240  99999  99999    260     33   1200    359      0
      4   1002  15545  99999  99999    265     28   1200    359      0
      4   1000  15553   -593   -883    260     27   1260     90 904774
      5    955  15850  99999  99999    260     30   1200    359      0
      5    866  16459  99999  99999    265     33   1200    359      0
      5    824  16764  99999  99999    265     32   1200    359      0
      5    784  17069  99999  99999    260     33   1200    359      0
      5    780  17095   -629   -919  99999  99999   1200    359      0
      5    756  17288   -625   -915  99999  99999   1200    359      0
      5    748  17353   -623   -913  99999  99999   1200    359      0
      5    747  17374  99999  99999    270     29   1200    359      0
      4    700  17761   -637   -917    260     39   1260     91 206722
      5    684  17983  99999  99999    250     39   1200    359      0
      5    651  18288  99999  99999    260     37   1200    359      0
      5    619  18593  99999  99999    260     40   1200    359      0
      5    560  19202  99999  99999    250     31   1200    359      0
      5    549  19243   -659   -899  99999  99999   1200    359      0
      4    500  19808   -673   -943    255     47   1260    269 436989
      5    484  20117  99999  99999    255     47   1200    359      0
      5    452  20413   -693   -963  99999  99999   1200    359      0
      5    415  21031  99999  99999    270     40   1200    359      0
      5    395  21336  99999  99999    260     35   1200    359      0
      5    389  21311   -683   -953  99999  99999   1200    359      0
      5    375  21641  99999  99999    260     42   1200    359      0
      5    356  21946  99999  99999    270     40   1200    359      0
      5    333  22237   -707   -937  99999  99999   1200    359      0
      5    300  22854   -719   -959    270     31   1260    268 752223
      5    296  23165  99999  99999    265     33   1200    359      0
      5    281  23470  99999  99999    270     36   1200    359      0
      5    159  26584   -729   -989  99999  99999   1200    359      0
      5    150  26925   -733   -993  99999  99999   1200    359      0
      5    136  27500   -721   -981  99999  99999   1200    359      0
      5    129  28042  99999  99999    280     51   1200    359      0
      5    125  27995   -731   -991  99999  99999   1200    359      0
      5    111  28693   -717   -977  99999  99999   1200    359      0
      4    108  29261  99999  99999    295     39   1200    359      0
      4    103  29870  99999  99999    280     27   1200    359      0
      4    100  29308   -717   -977    300     42   1260    2671442164
