10035 10035  54.53   9.55 48
10184 10184  54.10  13.40 6
10393 10393  52.22  14.12 115
10548 10548  50.57  10.37 450
10739 10739  48.83   9.20 315
10868 10868  48.25  11.55 489
10962 10962  47.80  11.02 986
11035 11035  48.25  16.37 200
11520 11520  50.00  14.45 303
11747 11747  49.45  17.13 216
11952 11952  49.03  20.32 701
12120 12120  54.75  17.53 2
12374 12374  52.40  20.97 96
12425 12425  51.13  16.98 116
12843 12843  47.43  19.18 139
13275 13275  44.77  20.42 203
14015 14015  46.07  14.52 316
14430 14430  44.09  15.35 84
16113 16113  44.53   7.62 386
16144 16144  44.65  11.62 38
17030 17030  41.28  36.33 4
17062 17062  40.97  29.08 33
17130 17130  39.95  32.88 894
17220 17220  38.43  27.17 25
17351 17351  37.05  35.35 28
20674 20674  73.53  80.40 47
20744 20744  72.38  52.73 16
20891 20891  72.00 102.45 33
21824 21824  71.58 128.92 8
21946 21946  70.62 147.90 61
22217 22217  67.15  32.35 26
22271 22271  67.88  44.13 16
22522 22522  64.98  34.80 10
22820 22820  61.82  34.27 109
22845 22845  61.50  38.93 121
23205 23205  67.65  53.02 7
23330 23330  66.53  66.53 16
23418 23418  65.12  57.10 56
23472 23472  65.78  87.95 32
23884 23884  61.60  90.00 63
23921 23921  60.68  60.43 101
23955 23955  60.43  77.87 47
24125 24125  68.50 112.43 220
24266 24266  67.55 133.38 137
24343 24343  66.77 123.40 93
24507 24507  64.27 100.23 186
24641 24641  63.77 121.62 107
24688 24688  63.27 143.15 745
24726 24726  62.55 113.88 347
24908 24908  60.33 102.27 260
24944 24944  60.40 120.42 226
25123 25123  68.80 161.28 32
25400 25400  65.73 150.90 43
25428 25428  65.23 160.50 265
25703 25703  62.92 152.42 207
26298 26298  57.90  34.05 178
26629 26629  54.88  23.88 75
26781 26781  54.75  32.07 241
27199 27199  58.60  49.63 158
27459 27459  56.27  44.00 157
27595 27595  55.78  49.18 116
27612 27612  55.75  37.57 156
27707 27707  54.12  35.33 239
27730 27730  54.63  39.70 158
27995 27995  52.98  49.43 45
28225 28225  57.95  56.20 170
28275 28275  58.15  68.18 44
28445 28445  56.73  61.07 290
28661 28661  55.47  65.40 79
28698 28698  54.93  73.40 123
28722 28722  54.75  56.00 105
28952 28952  53.22  63.62 156
29231 29231  58.30  82.90 76
29263 29263  58.45  92.15 78
29282 29282  58.42  97.40 134
29572 29572  56.18  92.62 296
29612 29612  55.37  78.37 120
2963 2963  60.82  23.50 103
29839 29839  53.35  83.82 159
29862 29862  53.77  91.32 256
3005 3005  60.13  -1.18 82
30054 30054  59.45 112.58 193
30309 30309  56.07 101.83 489
30372 30372  56.92 118.37 711
30554 30554  54.62 113.13 995
30635 30635  54.42 109.02 457
30715 30715  52.48 103.85 450
30758 30758  52.02 113.33 685
30935 30935  50.37 108.75 770
30965 30965  50.38 116.52 684
31004 31004  58.62 125.37 682
31088 31088  59.37 143.20 6
31168 31168  56.45 138.15 9
31300 31300  53.75 127.23 232
31369 31369  53.15 140.70 68
31510 31510  50.27 127.50 137
31538 31538  50.07 132.13 349
31736 31736  48.53 135.23 72
31873 31873  45.87 133.73 107
31977 31977  43.27 132.05 82
32061 32061  50.90 142.17 31
32098 32098  49.22 143.10 4
3238 3238  55.01  -1.52 141
32389 32389  56.32 160.83 28
33041 33041  52.45  31.00 127
33317 33317  50.17  27.05 278
3354 3354  53.00  -1.25 117
33631 33631  48.63  22.27 118
33658 33658  48.37  25.90 246
33791 33791  43.03  33.22 125
34009 34009  51.77  36.17 247
34247 34247  50.42  41.05 93
34300 34300  49.93  36.28 152
34858 34858  45.92  43.35 87
34880 34880  46.27  48.03 -18
35121 35121  51.78  55.22 109
35394 35394  49.80  73.13 553
35671 35671  47.80  67.72 345
35700 35700  47.02  51.85 -15
36003 36003  52.28  76.95 123
3693 3693  51.55   0.83 3
37018 37018  44.10  39.07 41
3743 3743  51.20  -1.80 132
3808 3808  50.22  -5.32 87
38341 38341  42.85  71.38 653
3882 3882  50.90   0.32 54
3918 3918  54.30  -6.19 15
3953 3953  51.93 -10.25 9
40179 40179  32.00  34.82 30
40821 40821  31.90  54.28 1237
40856 40856  29.47  60.88 1379
41923 41923  23.43  91.18 9
41977 41977  22.35  91.82 34
42027 42027  34.08  74.83 1587
42101 42101  30.33  76.47 251
42397 42397  26.67  88.37 123
42874 42874  21.22  81.67 298
43041 43041  19.08  82.03 553
43150 43150  17.70  83.30 66
43185 43185  16.20  81.15 3
43192 43192  15.48  73.82 60
43285 43285  12.95  74.83 31
43295 43295  12.97  77.58 921
43311 43311  11.12  72.73 4
43346 43346  10.92  79.83 7
43369 43369   8.30  73.15 2
43371 43371   8.48  76.95 64
44212 44212  49.97  92.08 936
44231 44231  49.63 100.17 1288
44292 44292  47.93 106.98 1313
45004 45004  22.32 114.17 66
47058 47058  39.03 125.78 38
47090 47090  38.25 128.57 18
47102 47102  38.03 127.15 70
47138 47138  36.03 129.38 6
47169 47169  34.68 125.45 83
47185 47185  33.28 126.17 73
47401 47401  45.42 141.68 11
47412 47412  43.05 141.33 19
47420 47420  43.33 145.58 26
47582 47582  39.72 140.10 21
47590 47590  38.27 140.90 43
47600 47600  37.38 136.90 14
47646 47646  36.05 140.13 31
47678 47678  33.12 139.78 80
47744 47744  35.43 133.35 8
47778 47778  33.45 135.77 75
47807 47807  33.58 130.38 14
47827 47827  31.63 130.58 31
47909 47909  28.38 129.55 295
47936 47936  26.20 127.68 27
48455 48455  13.73 100.50 20
48650 48650   3.10 101.65 17
50527 50527  49.22 119.75 611
50557 50557  49.17 125.23 243
50774 50774  47.72 128.90 232
50953 50953  45.75 126.77 143
51076 51076  47.73  88.08 737
51463 51463  43.78  87.62 919
51644 51644  41.72  82.95 1100
51777 51777  39.03  88.17 889
51839 51839  37.07  82.77 1410
52267 52267  41.95 101.07 941
52323 52323  41.80  97.03 1770
52418 52418  40.15  94.68 1140
52681 52681  38.63 103.08 1367
52818 52818  36.42  94.90 2809
52836 52836  36.30  98.10 3192
52983 52983  35.87 104.15 1875
53068 53068  43.65 112.00 966
53513 53513  40.77 107.40 1041
53915 53915  35.55 106.67 1348
54102 54102  43.95 116.07 991
54135 54135  43.60 122.27 180
54218 54218  42.27 118.97 572
54292 54292  42.88 129.47 178
54337 54337  41.12 121.07 70
54374 54374  41.72 126.92 333
54497 54497  40.08 124.33 14
54727 54727  36.70 117.55 123
55299 55299  31.48  92.07 4508
56029 56029  33.02  97.02 3682
56080 56080  34.97 102.90 2910
56137 56137  31.15  97.17 3307
56146 56146  31.62 100.00 3394
56187 56187  30.70 103.83 541
56571 56571  27.90 102.27 1599
56691 56691  26.87 104.28 2236
56739 56739  25.03  98.48 1649
56964 56964  22.77 100.98 1303
56985 56985  23.38 103.38 1302
57127 57127  33.07 107.03 509
57178 57178  33.02 112.53 131
57447 57447  30.28 109.47 458
57461 57461  30.70 111.28 134
57749 57749  27.57 110.00 261
57972 57972  25.82 113.02 185
58027 58027  34.28 117.15 42
58150 58150  33.77 120.25 7
58203 58203  32.93 115.83 39
58362 58362  31.40 121.47 4
58424 58424  30.52 117.03 20
58633 58633  28.97 118.87 71
58665 58665  28.65 120.08 9
58725 58725  27.33 117.43 192
58968 58968  25.03 121.53 9
59134 59134  24.45 118.07 63
59211 59211  23.92 106.62 242
59265 59265  23.48 111.30 120
59280 59280  23.67 113.05 19
59981 59981  16.83 112.33 5
60018 60018  28.31 -16.25 120
6011 6011  62.02  -6.77 55
60191 60191  32.37  -6.40 468
60630 60630  27.20   2.47 293
60680 60680  22.78   5.52 1378
6181 6181  55.77  12.53 40
61901 61901 -15.97  -5.70 436
61976 61976 -15.88  54.52 13
61980 61980 -20.88  55.52 20
61995 61995 -20.30  57.50 425
61996 61996 -37.80  77.53 29
61998 61998 -49.35  70.25 30
62378 62378  29.87  31.33 141
62403 62403  26.20  32.75 96
62423 62423  27.05  27.97 92
68538 68538 -30.67  24.02 1287
7145 7145  48.77   2.02 168
78807 78807   8.97 -79.66 9
80001 80001  12.58 -81.70 4
8001 8001  43.37  -8.42 67
8023 8023  43.47  -3.82 65
82099 82099   0.05 -51.07 17
82244 82244  -2.43 -54.72 72
82397 82397  -3.73 -38.55 19
82411 82411  -4.23 -69.92 120
82678 82678  -6.77 -43.02 138
82765 82765  -7.33 -47.47 212
82900 82900  -8.05 -34.92 7
82917 82917 -10.00 -47.80 143
82983 82983  -9.38 -40.48 370
8302 8302  39.60   2.70 45
83229 83229 -13.02 -38.52 51
83498 83498 -17.73 -39.25 3
83554 83554 -19.00 -57.67 142
83566 83566 -19.62 -43.57 827
83650 83650 -20.50 -29.32 5
83899 83899 -27.67 -48.55 5
8430 8430  38.00  -1.17 62
84378 84378  -3.73 -73.25 117
84416 84416  -5.18 -80.60 52
8508 8508  38.73 -27.07 113
8522 8522  32.63 -16.90 56
8579 8579  38.77  -9.13 105
89002 89002 -70.67  -8.25 40
89009 89009 -90.00   0.00 2830
89022 89022 -75.50 -26.65 30
89062 89062 -67.57 -68.13 16
89512 89512 -70.77  11.83 102
89532 89532 -69.00  39.58 21
89564 89564 -68.60  62.87 16
89571 89571 -68.57  77.95 13
89592 89592 -66.55  93.02 30
89611 89611 -66.28 110.52 41
89642 89642 -66.67 140.02 43
89664 89664 -77.85 166.67 34
91532 91532  -0.53 166.92 0
91801 91801  -9.00 -158.05 1
91925 91925  -9.80 -139.03 52
91943 91943 -14.48 -145.03 3
91948 91948 -23.13 -134.97 89
91958 91958 -27.62 -144.33 2
92044 92044  -2.07 147.43 5
94170 94170 -12.63 141.90 0
94299 94299 -16.30 149.98 9
94461 94461 -25.03 128.28 599
94638 94638 -33.82 121.88 26
94647 94647 -31.67 128.88 99
94711 94711 -31.48 145.82 265
95527 95527 -29.50 149.83 214
72365 ABQ  35.05 -106.62 1619
72659 ABR  45.45 -98.42 397
78988 ACC  12.20 -68.97 54
78866 ACM  18.05 -63.12 3
70350 ADQ  57.75 -152.48 4
70326 AKN  58.68 -156.65 15
72518 ALY  42.69 -73.83 94
72363 AMA  35.23 -101.70 1095
70273 ANC  61.17 -150.02 45
70398 ANN  55.03 -131.57 37
74002 APG  39.47 -76.07 5
72634 APX  44.55 -84.43 448
94995 ASLH -31.53 159.07 6
78954 BDI  13.07 -59.50 47
70219 BET  60.78 -161.80 36
4360 BGAM  65.60 -37.63 50
4270 BGBW  61.18 -45.43 4
4320 BGDH  76.77 -18.67 12
4220 BGEM  68.70 -52.75 40
4339 BGSC  70.48 -21.97 66
4018 BIKF  63.97 -22.60 54
72764 BIS  46.77 -100.75 503
72230 BMX  33.10 -86.70 178
72327 BNA  36.25 -86.57 180
72681 BOI  43.57 -116.22 871
72250 BRO  25.92 -97.42 7
70026 BRW  71.30 -156.78 12
72528 BUF  42.93 -78.73 218
72712 CAR  46.87 -68.02 191
70316 CDB  55.20 -162.72 30
74494 CHH  41.66 -69.96 15
72208 CHS  32.90 -80.03 15
72251 CRP  27.77 -97.50 14
76595 CUN  21.03 -86.92 10
60390 DAAG  36.72   3.25 25
60656 DAOF  27.67  -8.13 431
60571 DAOR  31.62  -2.23 773
72451 DDC  37.77 -99.97 791
65503 DHHH  12.35  -1.52 306
65578 DIAP   5.25  -3.93 8
72469 DNR  39.77 -104.87 1611
72387 DRA  36.62 -116.02 1007
72388 DRAne  36.05 -115.18 693
61052 DRRR  13.48   2.17 227
72261 DRT  29.37 -100.92 313
61024 DRZA  16.97   7.98 502
60715 DTTA  36.83  10.23 4
60760 DTTZ  33.92   8.17 93
72632 DTX  42.70 -83.47 329
74455 DVN  41.61 -90.58 230
6458 EBBE  50.75   4.77 127
6496 EBLB  50.47   6.18 570
72381 EDW  34.90 -117.92 724
10200 EDWE  52.38   7.23 5
10410 EDZE  51.40   6.97 153
2935 EFJY  62.40  25.67 139
2836 EFSO  67.37  26.65 178
3502 EGUC  52.13  -4.57 132
88889 EGYP -51.82 -58.45 73
6260 EHDB  52.10   5.18 2
1004 ENAS  78.92  11.93 8
1028 ENBJ  74.52  19.02 18
1152 ENBO  67.25  14.40 8
1400 ENEK  56.53   3.22 46
1001 ENJA  70.93  -8.67 9
1241 ENOL  63.70   9.60 7
1415 ENZV  58.87   5.67 33
72364 EPZ  31.90 -106.70 1257
2527 ESGG  57.67  12.30 155
2365 ESNN  62.53  17.47 6
2185 ESPA  65.55  22.13 16
2591 ESQV  57.65  18.35 45
10238 ETGB  52.82   9.93 69
10618 ETGI  49.70   7.33 376
10771 ETGK  49.43  11.90 419
72201 EYW  24.55 -81.75 1
68442 FABL -29.10  26.30 1348
68461 FABM -28.25  28.33 1682
68816 FACT -33.98  18.60 42
68588 FADN -29.97  30.95 8
68906 FAGE -40.35  -9.88 54
70261 FAI  64.82 -147.87 135
68263 FAIR -25.92  28.22 1500
68994 FAME -46.88  37.87 22
68174 FAPB -23.87  29.45 1222
68842 FAPE -33.98  25.60 60
68512 FASB -29.67  17.87 1006
68424 FAUP -28.40  21.27 836
68110 FAWW -22.57  17.10 1725
68240 FBSK -24.22  25.92 1005
64450 FCBB  -4.25  15.25 316
64458 FCOU   1.62  16.05 352
64400 FCPP  -4.82  11.90 17
64650 FEFF   4.40  18.52 366
72215 FFC  33.35 -84.56 246
78897 FFR  16.27 -61.52 8
72376 FGZ  35.23 -111.82 2179
61902 FHAW  -7.97 -14.40 79
61967 FJDG  -7.30  72.40 3
64910 FKKD   4.00   9.70 9
67083 FMMI -18.80  47.48 1276
72355 FSI  34.65 -98.40 362
63985 FSSS  -4.68  55.53 4
64700 FTTJ  12.13  15.03 295
72249 FWD  32.80 -97.30 196
61291 GABS  12.53  -7.95 381
61223 GATB  16.72  -3.00 264
72768 GGW  48.20 -106.62 693
72476 GJT  39.12 -108.53 1472
60155 GMMC  33.57  -7.67 62
61641 GOOY  14.73 -17.50 24
61687 GOTT  13.76 -13.68 50
61442 GQNN  18.10 -15.95 3
72645 GRB  44.50 -88.11 209
72317 GSO  36.08 -79.95 277
8594 GVAC  16.73 -22.95 55
76256 GYM  27.95 -110.80 12
74389 GYX  43.89 -70.25 125
62337 HEAR  31.08  33.75 32
62306 HEMM  31.33  27.22 30
62414 HESN  23.97  32.78 194
63741 HKNC  -1.30  36.75 1798
62721 HSSS  15.60  32.54 380
72403 IAD  38.98 -77.49 88
72426 ILN  39.42 -83.82 317
74560 ILX  40.15 -89.33 178
72747 INL  48.57 -93.38 359
91285 ITO  19.72 -155.07 10
72235 JAN  32.32 -90.07 91
72206 JAX  30.43 -81.70 10
78526 JSJ  18.43 -66.00 3
78384 KCR  19.30 -81.37 3
78397 KJP  17.93 -76.78 1
78970 KPP  10.58 -61.35 12
76405 LAP  24.07 -110.33 14
72562 LBF  41.13 -100.68 847
15614 LBSF  42.65  23.38 595
72240 LCH  30.12 -93.22 5
17607 LCNC  35.15  33.40 161
14240 LDDD  45.82  16.03 123
8221 LEMD  40.47  -3.58 638
8160 LEZG  41.67  -1.02 258
7510 LFBD  44.83  -0.70 45
7761 LFKJ  41.92   8.80 5
7481 LFLL  45.73   5.08 248
7645 LFME  43.87   4.40 60
7110 LFRB  48.45  -4.42 99
7180 LFSN  48.68   6.22 225
16716 LGAT  37.90  23.73 14
16754 LGIR  35.33  25.18 39
16622 LGTS  40.52  22.97 4
12982 LHUD  46.25  20.10 84
16320 LIBR  40.65  17.95 10
16429 LICT  37.92  12.50 14
16560 LIEE  39.25   9.05 7
91165 LIH  21.98 -159.35 36
16080 LIML  45.43   9.28 103
16044 LIPD  46.03  13.18 92
16245 LIRE  41.65  12.43 12
72582 LKN  40.87 -115.73 1608
74646 LMN  36.68 -97.47 306
11240 LOWG  47.00  15.43 347
11120 LOWI  47.27  11.35 581
11010 LOWL  48.23  14.20 313
15420 LRBS  44.50  26.13 91
15120 LRCL  46.78  23.57 413
6610 LSMP  46.82   6.95 490
17240 LTBM  37.75  30.55 997
17281 LTCC  37.88  40.18 677
8495 LXGB  36.15  -5.33 3
72340 LZK  34.83 -92.27 172
72265 MAF  31.93 -102.20 873
70231 MCG  62.97 -155.62 103
76225 MCV  28.70 -106.07 1428
76679 MEX  19.43 -99.07 2309
72202 MFL  25.75 -80.38 4
72597 MFR  42.38 -122.88 398
76612 MGDJ  20.68 -103.33 1551
72305 MHX  34.70 -76.80 11
76644 MID  20.95 -89.65 11
76654 MMZL  19.07 -104.33 3
72649 MPX  44.83 -93.55 287
76394 MTY  25.87 -100.20 450
76458 MZT  23.18 -106.42 4
91843 NCRG -21.20 -159.82 7
91680 NFFN -17.75 177.45 18
91643 NGFU  -8.52 179.22 2
91610 NGTA   1.35 172.92 4
72293 NKX  32.85 -117.12 134
91938 NTAA -17.55 -149.62 2
91954 NTAT -23.35 -149.48 3
91765 NTSU -14.33 -170.72 3
91592 NWWN -22.27 166.45 72
93986 NZCI -43.95 -176.57 48
93844 NZNV -46.42 168.33 1
93417 NZPP -40.90 174.98 12
93997 NZRN -29.25 -177.92 49
93112 NZWP -36.78 174.63 27
72493 OAK  37.74 -122.22 2
40948 OAKB  34.55  69.22 1791
72558 OAX  41.32 -96.37 350
41112 OEAB  18.23  42.65 2084
40394 OEHL  27.52  41.73 1013
41024 OEJN  21.67  39.15 17
40430 OEMA  24.55  39.72 636
40417 OEMF  26.45  49.82 12
40373 OEPA  28.33  46.12 355
40437 OERK  24.93  46.72 612
40375 OETB  28.37  36.58 770
40811 OIAW  31.33  48.66 22
40766 OICC  34.27  47.12 1322
40800 OIFM  32.62  51.67 1590
40754 OIII  35.68  51.35 1191
40875 OIKB  27.22  56.37 10
40841 OIKK  30.25  56.97 1754
40809 OIMB  32.87  59.20 1491
40745 OIMM  36.27  59.63 980
40848 OISS  29.53  52.58 1491
40706 OITT  38.08  46.28 1361
40265 OJMF  32.37  36.27 687
40582 OKBK  29.22  47.98 55
72501 OKX  40.87 -72.87 20
40100 OLBA  33.82  35.48 19
41217 OMAA  24.43  54.65 27
70200 OME  64.50 -165.43 5
41256 OOMS  23.58  58.28 17
41316 OOSA  17.03  54.08 17
41594 OPSR  32.05  72.67 188
72786 OTX  47.68 -117.63 728
70133 OTZ  66.87 -162.63 5
72357 OUN  35.23 -97.47 362
91212 PGAC  13.55 144.83 111
72520 PIT  40.53 -80.23 360
91376 PKMJ   7.08 171.38 3
91366 PKWA   8.73 167.73 8
91334 PTKK   7.47 151.85 2
91348 PTPN   6.96 158.20 38
91408 PTRO   7.33 134.48 33
91413 PTYA   9.48 138.08 17
72489 REV  39.57 -119.80 1516
72672 RIW  43.06 -108.47 1688
47991 RJAM  24.30 153.97 9
47971 RJAO  27.08 142.18 8
47981 RJAW  24.78 141.33 116
47681 RJNH  34.73 137.67 48
47580 RJSM  40.68 141.38 39
47158 RKJJ  35.12 126.82 13
47122 RKSO  37.10 127.03 12
72318 RNK  37.20 -80.41 648
47918 ROIG  24.33 124.17 7
78762 ROL   9.98 -84.22 920
47945 ROMD  25.83 131.23 20
98444 RPMP  13.13 123.73 17
87344 SACO -31.32 -64.22 474
87576 SAEZ -34.82 -58.53 20
87418 SAME -32.83 -68.78 704
87155 SARE -27.45 -59.05 52
87047 SASA -24.85 -65.48 1216
87860 SAVC -45.78 -67.50 46
87623 SAZR -36.57 -64.27 191
82965 SBAT  -9.87 -56.10 288
82193 SBBE  -1.38 -48.48 16
83378 SBBR -15.87 -47.93 1061
82022 SBBV   2.83 -60.70 140
83612 SBCG -20.47 -54.67 556
83840 SBCT -25.52 -49.17 908
83362 SBCY -15.65 -56.10 182
83827 SBFI -25.52 -54.58 243
82400 SBFN  -3.85 -32.42 56
83746 SBGL -22.82 -43.25 6
83288 SBLP -13.27 -43.42 458
82332 SBMN  -3.15 -59.98 84
83779 SBMT -23.52 -46.63 722
82599 SBNT  -5.92 -35.25 52
83971 SBPA -30.00 -51.18 3
82824 SBPV  -8.77 -63.92 88
82281 SBSL  -2.60 -44.23 53
83937 SBSM -29.72 -53.70 85
82026 SBTS  -2.22 -55.95 326
83928 SBUG -29.78 -57.03 74
83208 SBVH -12.73 -60.13 652
85934 SCCI -53.00 -70.85 37
85442 SCFA -23.43 -70.43 120
85469 SCIP -27.15 -109.42 47
85586 SCSN -33.65 -71.62 75
85799 SCTE -41.42 -73.08 86
78486 SDQ  18.47 -69.88 14
84008 SEST  -0.90 -89.60 6
72440 SGF  37.23 -93.40 394
72248 SHV  32.45 -93.84 85
76723 SIC  18.72 -110.95 34
72233 SIL  30.34 -89.83 10
80222 SKBO   4.70 -74.13 2548
72572 SLC  40.77 -111.97 1288
72694 SLE  44.92 -123.02 61
70308 SNP  57.15 -170.22 10
81405 SOCA   4.83 -52.37 9
70414 SYA  52.72 -174.10 37
72210 TBW  27.70 -82.40 13
72776 TFX  47.45 -111.38 1130
72214 TLH  30.45 -84.30 52
72456 TOP  39.07 -95.63 268
72274 TWC  32.23 -110.96 753
36870 UAAA  43.23  76.93 847
35229 UATT  50.28  57.15 224
24959 UEEE  62.08 129.75 103
37789 UGEE  40.13  44.47 890
25913 UHMM  59.58 150.78 118
32540 UHPP  52.97 158.75 24
32150 UHSS  46.92 142.73 31
30230 UIKK  57.77 108.12 258
72797 UIL  47.95 -124.55 56
29698 UINN  54.88  99.03 410
33946 UKFF  44.68  34.13 181
33345 UKKK  50.40  30.45 167
33393 UKLL  49.82  23.95 325
33837 UKOO  46.43  30.77 43
22550 ULAA  64.53  40.58 5
26063 ULLI  59.97  30.30 4
22113 ULMM  68.97  33.05 51
26477 ULOL  56.38  30.60 98
26038 ULTT  59.45  24.80 44
27037 ULWW  59.23  39.87 131
29634 UNNN  55.03  82.90 176
72662 UNR  44.07 -103.21 1037
37054 URMM  44.22  43.10 314
34731 URRR  47.25  39.82 77
34560 URWW  48.68  44.35 145
34122 UUOO  51.67  39.27 104
23804 UUYY  61.72  50.83 119
27962 UWPP  53.13  45.02 174
42647 VAAH  23.07  72.63 55
43014 VAAU  19.85  75.40 579
43003 VABB  19.12  72.85 14
42667 VABP  23.28  77.35 523
42867 VANP  21.10  79.05 310
72393 VBG  34.75 -120.57 100
42724 VEAT  23.88  91.25 16
42971 VEBS  20.25  85.83 46
42809 VECC  22.65  88.45 6
42379 VEGK  26.75  83.37 77
42410 VEGT  26.10  91.58 54
42314 VEMN  27.48  95.02 111
43333 VEPB  11.67  92.72 79
42492 VEPT  25.60  85.10 60
76692 VER  19.17 -96.12 13
42701 VERC  23.32  85.32 652
42182 VIDD  28.58  77.20 216
42361 VIGR  26.23  78.25 207
42339 VIJO  26.30  73.02 224
42369 VILK  26.75  80.88 128
43353 VOCC   9.95  76.27 3
43128 VOHY  17.45  78.47 545
43279 VOMM  13.00  80.18 16
48327 VTCC  18.78  98.98 314
48568 VTSH   7.20 100.60 5
48565 VTSP   8.12  98.32 10
48407 VTUU  15.25 104.87 127
48855 VVDN  16.03 108.18 7
48820 VVNB  21.02 105.80 6
48900 VVTS  10.82 106.67 19
97180 WAAA  -5.07 119.55 14
97560 WABB  -1.18 136.12 11
97980 WAKK  -8.47 140.38 3
72402 WAL  37.93 -75.48 13
97072 WAML  -0.68 119.73 6
97014 WAMM   1.53 124.92 80
97724 WAPP  -3.70 128.08 12
96441 WBGB   3.20 113.03 5
96413 WBGG   1.48 110.33 27
96315 WBGI   4.93 114.93 15
96471 WBKK   5.93 116.05 3
96491 WBKS   5.90 118.07 13
96481 WBKW   4.27 117.88 20
96749 WIII  -6.12 106.65 8
96237 WIKK  -2.17 106.13 33
96163 WIMG  -0.88 100.35 3
96035 WIMM   3.57  98.68 25
48615 WMKC   6.17 102.28 5
48657 WMKD   3.78 103.22 16
48601 WMKP   5.30 100.27 4
71845 WPL  51.47 -90.20 386
71603 WQI  43.87 -66.05 9
97372 WRKK -10.17 123.67 108
96935 WRSJ  -7.37 112.77 3
71119 WSE  53.55 -114.10 766
48698 WSSS   1.37 103.98 16
78016 XKF  32.37 -64.68 37
74794 XMR  28.48 -80.55 5
71823 YAH  53.75 -73.67 307
70361 YAK  59.52 -139.67 10
94326 YBAS -23.80 133.90 541
94578 YBBN -27.38 153.10 5
94510 YBCV -26.40 146.27 304
71926 YBK  64.30 -96.00 49
94332 YBMA -20.67 139.48 344
94374 YBRK -23.38 150.47 14
94203 YBRM -17.95 122.22 9
94294 YBTL -19.25 146.75 6
71925 YCB  69.10 -105.12 25
71701 YCX  45.83 -66.43 52
94150 YDGV -12.27 136.82 54
71917 YEU  79.98 -85.93 10
71957 YEV  68.32 -133.53 103
71815 YJT  48.53 -58.55 60
71082 YLT  82.50 -62.33 66
71203 YLW  49.97 -119.38 454
94975 YMHB -42.83 147.48 27
94821 YMMG -37.73 140.78 69
94866 YMML -37.67 144.83 141
94998 YMMQ -54.48 158.93 6
71836 YMO  51.27 -80.65 10
71722 YMW  46.38 -75.97 170
78073 YNN  25.05 -77.47 2
94672 YPAD -34.93 138.52 4
94802 YPAL -34.93 117.80 69
96996 YPCC -12.18  96.82 3
94120 YPDN -12.40 130.87 30
94403 YPGN -28.78 114.70 34
71907 YPH  58.45 -78.12 26
94637 YPKG -30.77 121.45 360
94302 YPLM -22.23 114.08 6
94430 YPMR -26.60 118.53 518
94312 YPPD -20.37 118.62 6
94610 YPPH -31.93 115.95 29
94659 YPWR -31.13 136.82 167
71867 YQD  53.97 -101.10 273
71924 YRB  74.72 -94.98 40
71600 YSA  43.93 -60.02 4
71934 YSM  60.03 -111.95 203
94996 YSNF -29.03 167.93 109
94767 YSSY -33.95 151.18 3
94910 YSWG -35.15 147.45 213
94776 YSWM -32.78 151.82 8
71081 YUX  68.78 -81.25 7
71909 YVN  63.75 -68.55 35
71906 YVP  58.10 -68.42 60
71043 YVQ  65.28 -126.75 95
71625 YWA  45.95 -77.32 130
71964 YXY  60.72 -135.07 704
71945 YYE  58.83 -122.60 377
71913 YYQ  58.75 -94.07 29
71816 YYR  53.30 -60.37 36
71801 YYT  47.67 -52.75 140
71915 YZS  64.20 -83.37 57
71109 YZT  50.68 -127.37 17
71811 YZV  50.22 -66.27 52
54511 ZBAA  39.93 116.28 55
53463 ZBHH  40.82 111.68 1065
53772 ZBYN  37.78 112.55 779
78583 ZBZ  17.53 -88.30 5
57679 ZGCS  28.20 113.08 46
59758 ZGHK  20.03 110.35 15
57957 ZGKL  25.33 110.30 166
59431 ZGNN  22.82 108.35 73
59316 ZGOW  23.40 116.68 3
57083 ZHCC  34.72 113.65 111
57494 ZHHH  30.62 114.13 23
53614 ZLIC  38.48 106.22 1112
52533 ZLJQ  39.77  98.48 1478
57036 ZLSN  34.29 108.93 398
52866 ZLXN  36.62 101.77 2262
53845 ZLYA  36.60 109.50 959
56778 ZPPP  25.02 102.68 1892
58606 ZSCN  28.60 115.92 50
58847 ZSFZ  26.08 119.28 85
57993 ZSGZ  25.85 114.95 125
58457 ZSHC  30.23 120.17 43
58238 ZSNJ  32.00 118.80 12
54857 ZSQD  36.07 120.33 77
57516 ZUCK  29.52 106.48 351
57816 ZUGY  26.58 106.72 1074
55591 ZULS  29.67  91.13 3650
52203 ZWHM  42.82  93.52 739
51709 ZWSH  39.47  75.98 1291
51828 ZWTN  37.13  79.93 1375
51431 ZWYN  43.95  81.33 663
71908 ZXS  53.90 -122.80 601
54161 ZYCC  43.90 125.22 238
54662 ZYTL  38.90 121.63 97
54342 ZYYY  41.77 123.43 43
