RAOB sounding valid at:
   RAOB      0     11      NOV    2021
      1  23062  72469  39.77N104.88W  1611   2300
      2    100   1670    176    104  72469      3
      3           DNR                   11     kt   HHMM bearing  range
      9   8370   1611    114   -106    260     19   2315      0      0
      4  10000     90  99999  99999  99999  99999   2309  99999  99999
      4   9250    764  99999  99999  99999  99999   2312  99999  99999
      4   8500   1480  99999  99999  99999  99999   2314  99999  99999
      6   8456   1524  99999  99999    260     19   2314    259      0
      6   8149   1828  99999  99999    285     27   2315     95      0
      6   7849   2133  99999  99999    285     29   2316    101      0
      6   7559   2438  99999  99999    285     31   2317    102      1
      6   7281   2743  99999  99999    295     31   2318    104      1
      6   7012   3048  99999  99999    310     32   2319    108      2
      4   7000   3062    -21   -171    305     32   2319    108      2
      6   6487   3657  99999  99999    310     35   2321    114      3
      5   6370   3799    -89   -209  99999  99999   2322  99999  99999
      5   6090   4144   -113   -313  99999  99999   2323  99999  99999
      6   5991   4267  99999  99999    305     39   2323    118      4
      6   5523   4876  99999  99999    320     39   2325    121      5
      5   5040   5561   -223   -303  99999  99999   2328  99999  99999
      4   5000   5630   -223   -303    310     53   2328    124      7
      5   4870   5822   -239   -329  99999  99999   2329  99999  99999
      5   4740   6019   -239   -519  99999  99999   2329  99999  99999
      6   4690   6096  99999  99999    315     55   2329    125      9
      5   4650   6158   -245   -665  99999  99999   2330  99999  99999
      5   4460   6460   -255   -555  99999  99999   2331  99999  99999
      4   4000   7240   -325   -485    315     54   2333    128     12
      6   3787   7620  99999  99999    320     54   2335    128     13
      5   3630   7913   -389   -509  99999  99999   2336  99999  99999
      6   3624   7924  99999  99999    320     54   2336    129     14
      5   3340   8478   -423   -603  99999  99999   2337  99999  99999
      6   3025   9144  99999  99999    305     81   2340    130     19
      5   3010   9178   -433   -693  99999  99999   2340  99999  99999
      4   3000   9200   -435   -695    305     83   2340    130     19
      6   2890   9448  99999  99999    305     88   2341    129     20
      5   2750   9777   -483   -703  99999  99999   2342  99999  99999
      4   2500  10410   -503   -763    310     88   2344    129     25
      6   2402  10668  99999  99999    310     90   2345    129     26
      6   2291  10972  99999  99999    315     94   2346    129     28
      8   2270  11031  99999  99999    315     94   2346    129     28
      6   2186  11277  99999  99999    320     75   2347    129     29
      4   2000  11850   -559   -799    305     53   2349    129     31
      6   1988  11887  99999  99999    295     50   2349    129     31
      7   1950  12010   -571   -811    295     50   2349    129     32
      8   1670  12994  99999  99999    310     70   2352    129     35
      6   1641  13106  99999  99999    310     70   2353    129     35
      5   1610  13227   -555   -855  99999  99999   2353  99999  99999
      4   1500  13670   -585   -865    310     49   2355    129     37
      5   1450  13882   -595   -865  99999  99999   2355  99999  99999
      6   1419  14020  99999  99999    305     47   2356    129     38
      6   1288  14630  99999  99999    300     56   2358    128     40
      6   1227  14935  99999  99999    315     53   2359    128     41
      5   1210  15021   -557   -857  99999  99999   2359  99999  99999
      6   1169  15240  99999  99999    320     47   0000    128     42
      6   1011  16154  99999  99999    320     33   0003    129     44
      5   1010  16160   -589   -869  99999  99999   0003  99999  99999
      4   1000  16230   -593   -873    320     32   0003    129     44
      5    927  16700   -625   -875  99999  99999   0005  99999  99999
      6    918  16764  99999  99999    315     31   0005    129     45
      5    886  16982   -575   -865  99999  99999   0006  99999  99999
      6    793  17678  99999  99999    265     29   0008    128     46
      5    758  17963   -583   -873  99999  99999   0009  99999  99999
      6    720  18288  99999  99999    315     21   0010    128     47
      4    700  18460   -619   -869    325     22   0011    128     47
      6    685  18592  99999  99999    330     22   0011    128     47
      5    668  18748   -635   -875  99999  99999   0012  99999  99999
      5    641  19004   -581   -871  99999  99999   0012  99999  99999
      6    591  19507  99999  99999    360     15   0014    129     48
      5    577  19658   -623   -873  99999  99999   0015  99999  99999
      7    577  19658   -623   -873    345     14   0015    129     48
      6    563  19812  99999  99999    300     20   0015    129     48
      5    521  20287   -623   -873  99999  99999   0017  99999  99999
      4    500  20550   -609   -869    335     16   0018    129     49
      6    486  20726  99999  99999    355     22   0018    129     49
      6    463  21031  99999  99999     15     21   0019    130     49
      6    441  21336  99999  99999     15     15   0020    130     49
      5    436  21407   -569   -869  99999  99999   0020  99999  99999
      6    381  22250  99999  99999      5      6   0023    130     50
      5    347  22838   -601   -871  99999  99999   0025  99999  99999
      6    346  22860  99999  99999     15     26   0025    131     50
      4    300  23750   -589   -869     40     18   0028    132     50
      6    299  23774  99999  99999     40     17   0028    132     50
      6    285  24079  99999  99999     10     23   0029    133     50
      6    235  25298  99999  99999     20     29   0033    134     51
      5    225  25567   -547   -867  99999  99999   0034  99999  99999
      6    213  25908  99999  99999     50     24   0035    135     51
      4    200  26320   -575   -875     45     24   0037    136     51
      5    176  27119   -605   -875  99999  99999   0040  99999  99999
      7    176  27119   -605   -875     30     29   0040    137     52
      6    167  27432  99999  99999     20     29   0041    138     52
      6    160  27736  99999  99999     15     31   0042    138     52
      6    152  28041  99999  99999     30     24   0043    139     52
      5    143  28424   -553   -873  99999  99999   0044  99999  99999
      6    125  29260  99999  99999     20      8   0047    140     53
      5    113  29907   -597   -877  99999  99999   0049  99999  99999
      6    108  30176  99999  99999      5     18   0050    140     53
      6    103  30480  99999  99999    335     27   0051    140     53
      4    100  30680   -581   -871    345     25   0051    140     54
      6     94  31089  99999  99999    345     28   0053    141     54
      5     88  31481   -593   -873  99999  99999   0054  99999  99999
      6     85  31699  99999  99999    325     27   0055    141     55
      6     78  32308  99999  99999    335     25   0057    141     56
      5     77  32323   -553   -873  99999  99999   0057  99999  99999
